15228	15238	17441	17709	20267	0	0	13406	13426	13419	0	0	0	0	0	0	20334	0	0	0	0	0	13393	13395	13429	20224	20224	17734	14309	14228	14282	14313	15758	15546	18674	18347	0	0	0	13955	14539	14263	0	0	0	0	0	0	0	0	0	0	0	0	14239	14556	14020	0	0	18009	15988	15780	15772	15768	0	0	0	0	0	0	0	0	0	0	0	0	0	0	0	0	0	0	0	0	0	0	0	0	0	0	0	0	0	0	0	0	1170	840	1181	1226	266	230	249	251	236	255	234	245	233	218	246	245
16874	16921	17114	19676	0	0	0	17581	12870	0	0	0	0	0	0	0	19756	0	0	0	0	0	0	12829	17050	19671	19647	19470	13750	13665	13716	13749	18119	18113	18098	20301	0	0	0	17830	13404	0	0	0	0	0	0	0	20321	0	0	0	0	0	0	13385	17752	20343	20325	0	15362	15226	15205	15208	0	0	0	0	0	0	0	0	0	0	0	0	0	0	0	0	0	0	0	0	0	0	0	0	0	0	0	0	0	0	0	0	1029	963	1029	1014	265	230	249	251	236	255	234	245	234	219	246	246
15416	15418	15412	17738	17942	0	0	18378	13640	13590	13608	0	0	0	0	0	0	0	0	0	0	13606	13570	13621	0	0	0	20470	14487	14421	14457	14489	15979	15978	15947	18548	18435	0	0	18874	14446	15466	14229	0	0	0	0	0	0	0	0	0	0	14223	15422	14300	0	0	0	0	16102	15985	15957	15948	0	0	0	0	0	0	0	0	0	0	0	0	0	0	0	0	0	0	0	0	0	0	0	0	0	0	0	0	0	0	0	0	1460	759	1310	1255	265	230	248	250	236	255	234	245	233	219	245	246
14555	14589	15114	17425	17428	17442	17429	13363	13378	13385	0	0	17437	17428	17411	17399	17569	17590	17604	17604	17577	17581	13353	13337	13384	17444	17418	17268	14252	14167	14238	14248	15943	15763	15743	18381	18243	18234	18187	13893	14454	14032	0	0	18166	17982	18079	18138	18142	18131	17879	0	18107	18114	14017	14426	13965	18262	18300	18340	15921	15723	15729	15806	0	0	0	0	0	0	0	0	0	0	0	0	0	0	0	0	0	0	0	0	0	0	0	0	0	0	0	0	0	0	0	0	2427	1557	1003	1785	267	230	248	251	236	255	234	244	234	219	246	246
14339	14930	14929	17638	17650	0	0	20287	13155	13129	0	0	0	0	13118	13085	13103	13146	0	0	0	0	13116	0	17572	0	0	0	14008	13997	13986	14034	15730	15457	15357	18175	18145	0	0	0	13674	13700	0	0	0	0	13829	14301	14329	13813	0	0	0	0	13670	0	18155	0	0	0	15719	15548	15677	15480	0	0	0	0	0	0	0	0	0	0	0	0	0	0	0	0	0	0	0	0	0	0	0	0	0	0	0	0	0	0	0	0	1852	325	1590	1165	266	229	248	250	236	255	234	244	233	219	245	246
17397	0	0	0	0	0	0	0	13388	13354	0	0	0	0	0	0	0	0	0	0	0	0	13329	13354	0	0	0	0	14238	14174	14220	14266	18641	0	0	0	0	0	0	0	14199	14303	0	0	0	0	0	0	0	0	0	0	0	0	14293	14193	0	0	0	0	15863	15736	15718	15719	0	0	0	0	0	0	0	0	0	0	0	0	0	0	0	0	0	0	0	0	0	0	0	0	0	0	0	0	0	0	0	0	1805	1150	1307	851	266	229	249	251	236	255	234	245	233	219	246	246
14632	16706	16863	19771	0	0	0	12833	12823	12815	0	0	0	0	0	0	0	0	0	0	0	0	12809	12805	19698	0	0	0	13716	13646	13670	13728	15132	18087	18069	20308	0	0	0	13353	14407	13886	0	0	0	0	0	0	0	0	0	0	0	0	13861	14354	20343	0	0	0	15331	15212	15179	15183	0	0	0	0	0	0	0	0	0	0	0	0	0	0	0	0	0	0	0	0	0	0	0	0	0	0	0	0	0	0	0	0	1325	741	1407	965	266	230	248	250	236	255	234	244	233	219	245	245
14417	14432	14760	17212	17223	17239	17245	13164	13172	13217	17420	17257	17254	17252	17240	17227	17154	17289	17286	17279	17137	17142	13165	13131	13171	15027	15005	14982	14059	13986	14021	14045	15794	15767	15718	18215	18219	18056	18099	13742	14610	13780	17927	17934	17950	17937	17926	18186	18200	18185	18174	18179	18166	18175	13770	14628	13800	15602	15596	15602	15681	15539	15654	15623	0	0	0	0	0	0	0	0	0	0	0	0	0	0	0	0	0	0	0	0	0	0	0	0	0	0	0	0	0	0	0	0	633	736	1541	2140	267	230	249	251	236	255	234	245	233	219	246	246
15027	15027	17508	20059	0	0	0	0	13635	13194	0	0	0	0	0	0	20143	0	0	0	0	0	13172	13604	17548	20145	20137	20009	14101	14028	14070	14116	15540	15509	18462	0	0	0	0	0	13959	14383	0	0	0	0	0	0	0	0	0	0	0	0	14396	14036	18134	0	0	0	15723	15584	15696	15567	0	0	0	0	0	0	0	0	0	0	0	0	0	0	0	0	0	0	0	0	0	0	0	0	0	0	0	0	0	0	0	0	1275	1052	1272	1022	266	231	249	251	236	256	234	245	234	218	246	246
14999	15002	17059	17297	17327	13161	13100	13140	0	0	0	0	17254	0	17244	13127	13125	13187	17276	17266	17120	17118	17116	17127	13154	13130	13144	15043	14076	13979	14026	14037	15770	15548	18500	18127	18005	13768	14694	14013	0	0	0	0	17746	0	17628	14682	14724	13695	18178	18216	17939	18223	18231	18249	14425	14828	13844	15625	15692	15531	15511	15597	0	0	0	0	0	0	0	0	0	0	0	0	0	0	0	0	0	0	0	0	0	0	0	0	0	0	0	0	0	0	0	0	405	959	1253	2054	267	230	249	251	236	255	234	244	233	219	246	246
14524	14559	15048	17338	17349	17379	17370	17522	17437	17569	17558	17542	17387	17395	17369	17357	17283	17305	17302	17289	17271	13236	17270	17284	14800	14853	15131	14822	14154	14074	14124	14145	15903	15744	15710	18269	18037	18027	18028	18329	18101	18052	18017	18008	18067	18051	18041	18047	18310	18322	18305	18306	18300	13501	18314	18329	15416	15702	15685	15700	15776	15634	15618	15727	0	0	0	0	0	0	0	0	0	0	0	0	0	0	0	0	0	0	0	0	0	0	0	0	0	0	0	0	0	0	0	0	1425	807	1269	2043	267	230	249	250	236	255	234	245	233	219	245	246
17780	17792	0	0	0	13465	13453	13470	13504	13489	0	0	0	0	0	0	0	0	0	0	0	0	13481	13485	13504	13481	13481	0	14379	14336	14360	14420	18308	18138	0	0	0	14119	14287	14061	14945	14588	0	0	0	0	0	0	0	0	0	0	0	0	14575	14926	14157	14392	14210	0	16046	15884	15973	15869	0	0	0	0	0	0	0	0	0	0	0	0	0	0	0	0	0	0	0	0	0	0	0	0	0	0	0	0	0	0	0	0	3675	744	1476	854	266	230	249	251	236	255	234	244	233	218	246	246
14804	14806	14807	14816	15131	15324	15690	13673	13672	13650	17722	17700	17704	17691	17684	17669	17676	17799	17799	17794	17658	17662	13628	13634	13713	15562	15537	15502	14545	14479	14509	14531	16279	16281	16263	16218	16220	15971	16164	14149	14722	14676	18747	18735	18658	18626	18609	18926	18739	18522	18394	18693	18409	18418	14573	14693	14183	16071	16105	16114	16174	16035	16127	16086	0	0	0	0	0	0	0	0	0	0	0	0	0	0	0	0	0	0	0	0	0	0	0	0	0	0	0	0	0	0	0	0	1619	927	2712	2566	267	230	249	251	236	255	234	245	233	219	246	246
17663	0	0	0	0	0	0	0	13648	13569	0	0	0	0	0	0	0	0	0	0	0	0	13551	13631	0	0	0	0	14469	14407	14439	14492	18398	0	0	0	0	0	0	0	14412	14816	0	0	0	0	0	0	0	0	0	0	0	0	14794	14032	0	0	0	0	16090	15969	15939	15944	0	0	0	0	0	0	0	0	0	0	0	0	0	0	0	0	0	0	0	0	0	0	0	0	0	0	0	0	0	0	0	0	1429	980	1352	843	265	230	249	251	236	255	235	244	234	219	246	246
14454	14472	14465	17199	17410	17453	17455	13242	13265	13279	17608	17600	20056	0	20035	17588	17514	0	0	0	0	0	13261	13228	13273	0	17501	17461	14149	14063	14120	14133	15782	15660	15642	18446	18318	18124	18130	13738	14779	13878	18134	18136	0	0	0	18113	18022	0	0	0	0	0	13774	14768	13800	0	17952	18054	15758	15616	15607	15740	0	0	0	0	0	0	0	0	0	0	0	0	0	0	0	0	0	0	0	0	0	0	0	0	0	0	0	0	0	0	0	0	1107	920	957	1627	266	230	249	250	236	255	234	244	234	218	246	246
15201	17652	17661	20326	0	0	0	13367	13389	13388	0	0	0	0	0	0	0	0	0	0	0	0	13370	13363	13394	0	20316	20283	14277	14199	14230	14292	15671	18357	18345	0	0	0	0	13921	14739	14076	0	0	0	0	0	0	0	0	0	0	0	0	14079	14724	13979	0	0	0	15887	15760	15861	15746	0	0	0	0	0	0	0	0	0	0	0	0	0	0	0	0	0	0	0	0	0	0	0	0	0	0	0	0	0	0	0	0	1168	1039	1549	909	266	230	249	251	236	255	234	245	233	219	245	245
14931	14929	15490	17842	0	0	0	13691	13719	13720	0	0	0	13695	13680	0	0	13673	13677	0	0	0	13707	13694	13730	0	0	0	14583	14524	14570	14590	16128	16055	16031	18666	0	0	0	14230	16062	14368	0	0	0	14387	14522	0	0	14499	14392	0	0	0	14324	16037	14293	0	0	0	16202	16078	16210	16051	0	0	0	0	0	0	0	0	0	0	0	0	0	0	0	0	0	0	0	0	0	0	0	0	0	0	0	0	0	0	0	0	1325	961	1311	1394	266	230	249	250	236	255	234	245	233	219	245	246
14674	14676	16905	19814	0	0	0	12826	12857	12870	0	0	0	0	0	0	0	0	0	0	0	0	12862	12833	12872	0	0	0	13748	13671	13710	13757	15199	15190	18109	20367	0	0	0	13418	13978	13463	0	0	0	0	0	0	0	0	0	0	0	0	13442	13947	13495	0	0	0	15365	15230	15213	15214	0	0	0	0	0	0	0	0	0	0	0	0	0	0	0	0	0	0	0	0	0	0	0	0	0	0	0	0	0	0	0	0	1127	1054	1051	1010	266	230	248	250	236	255	234	244	233	219	245	246
14101	14099	14636	16951	17015	17049	17063	17133	12869	12839	12839	17095	17104	17100	17092	17082	17003	0	0	0	16997	12817	12803	12825	12894	16989	16980	16941	13742	13661	13714	13725	15214	14501	15184	18084	17959	17906	17915	18079	13882	14350	13504	17641	17662	17646	17638	17957	17836	0	0	0	17559	13523	14374	13839	18394	17880	17869	18302	15360	15220	15201	15310	0	0	0	0	0	0	0	0	0	0	0	0	0	0	0	0	0	0	0	0	0	0	0	0	0	0	0	0	0	0	0	0	1147	811	1193	1689	266	230	249	251	236	255	235	245	234	219	246	246
14915	14927	17151	17474	0	0	0	0	13099	13090	0	0	0	0	0	0	19971	0	0	0	0	0	13069	13064	17191	17304	17297	17255	13973	13914	13940	13989	15470	15385	18149	17975	0	0	0	0	14641	14757	0	0	0	0	0	0	20448	0	0	0	0	0	14778	14658	18095	17850	17829	17947	15590	15476	15452	15444	0	0	0	0	0	0	0	0	0	0	0	0	0	0	0	0	0	0	0	0	0	0	0	0	0	0	0	0	0	0	0	0	1439	948	1316	1362	266	230	249	250	237	255	234	245	233	219	246	246
17630	17654	17870	20439	0	0	0	0	13658	13617	13615	0	13628	13602	13656	0	0	13656	13582	13588	13653	13602	13585	13619	17840	0	0	20453	14518	14431	14482	14512	18858	18840	18536	0	0	0	0	0	14257	15066	14266	0	14448	14685	14245	0	0	14255	14674	14482	14114	14287	15011	14235	18497	0	0	0	16221	15993	15981	15980	0	0	0	0	0	0	0	0	0	0	0	0	0	0	0	0	0	0	0	0	0	0	0	0	0	0	0	0	0	0	0	0	1304	812	1063	1049	266	229	249	251	235	255	234	245	234	219	246	246
15090	15093	17360	17671	20226	0	0	20295	13359	13254	0	0	0	0	0	0	20199	0	0	0	0	20206	13231	13344	17543	20190	20180	20147	14168	14086	14131	14163	15624	15595	18251	18180	0	0	0	0	13991	14323	0	0	0	0	0	0	0	0	0	0	0	0	14301	13979	18169	0	0	0	15778	15646	15627	15622	0	0	0	0	0	0	0	0	0	0	0	0	0	0	0	0	0	0	0	0	0	0	0	0	0	0	0	0	0	0	0	0	1196	786	1220	1144	266	230	249	251	236	255	234	245	234	219	246	245
17460	17657	17682	20265	0	0	0	0	13512	13391	13530	0	0	0	0	0	20332	0	0	0	0	13494	13364	13470	17615	20211	20201	17723	14294	14228	14269	14303	18693	18691	18667	0	0	0	0	0	14108	14558	13800	0	0	0	0	0	0	0	0	0	0	14027	14571	14093	18333	0	0	18250	15907	15786	15762	15935	0	0	0	0	0	0	0	0	0	0	0	0	0	0	0	0	0	0	0	0	0	0	0	0	0	0	0	0	0	0	0	0	1173	1073	1231	1152	265	230	249	251	236	255	234	245	233	219	246	246
15102	17309	17575	20103	0	0	0	0	13321	13244	13298	0	0	0	0	0	20182	0	0	0	0	13269	13212	13283	17556	20196	20060	20039	14141	14063	14113	14146	15385	18513	18474	0	0	0	0	0	13873	14509	13834	0	0	0	0	0	0	0	0	0	0	13831	14501	13854	18169	0	0	0	15764	15619	15607	15604	0	0	0	0	0	0	0	0	0	0	0	0	0	0	0	0	0	0	0	0	0	0	0	0	0	0	0	0	0	0	0	0	1186	1010	1363	1044	266	230	249	251	236	255	234	244	233	219	246	245
15347	15351	15346	17815	17826	0	13483	13494	13596	0	0	0	0	0	0	0	20422	0	0	0	20422	20437	20436	13575	13531	13519	17786	17758	14419	14354	14428	14432	15893	15889	15863	18398	18355	0	14101	14573	14142	0	0	0	0	0	0	0	0	0	0	0	0	0	0	14123	14657	14171	18309	18328	16114	15911	15925	15895	0	0	0	0	0	0	0	0	0	0	0	0	0	0	0	0	0	0	0	0	0	0	0	0	0	0	0	0	0	0	0	0	2700	1571	488	1360	266	230	249	251	236	255	234	245	233	219	246	246
8839	14194	14198	14926	17143	17184	17184	13050	17243	13086	17225	17416	17207	17217	17201	17161	17316	20293	20284	20282	20256	20265	13066	20284	13087	17087	17067	17043	14009	13916	13957	13991	9324	15579	15559	15474	18123	18043	18045	14693	18123	13736	17963	17942	17961	17942	17929	18059	17961	0	0	0	0	0	13703	0	14746	18101	18236	18236	15610	15965	15452	15564	0	0	0	0	0	0	0	0	0	0	0	0	0	0	0	0	0	0	0	0	0	0	0	0	0	0	0	0	0	0	0	0	979	1536	1583	2219	267	230	248	251	236	255	233	244	233	218	246	246
14643	15190	15186	17491	17619	17669	17684	17734	13441	13401	13418	20284	20268	20290	20282	20262	17612	17631	0	0	20203	13398	13372	13399	17473	17596	17583	17545	14288	14220	14271	14290	15768	15755	15734	18641	18241	18227	18225	18503	14049	14369	13951	0	0	0	0	0	18140	0	0	0	17632	13945	14375	14032	18376	18152	18140	18266	15905	15775	15949	15860	0	0	0	0	0	0	0	0	0	0	0	0	0	0	0	0	0	0	0	0	0	0	0	0	0	0	0	0	0	0	0	0	1713	900	1236	1517	266	230	249	251	236	255	234	245	233	219	246	246
17383	17470	17485	17708	17774	20381	20392	20393	13546	13498	13513	20418	20426	0	20435	20407	17711	17723	20354	17761	17711	13494	13467	13507	15648	17691	17683	17585	14385	14322	14373	14385	18826	18816	18804	18402	18307	0	0	0	14156	14873	14104	0	0	0	0	0	18273	18253	0	0	18234	14107	14870	14153	16273	18287	18268	18269	16007	15877	15994	15852	0	0	0	0	0	0	0	0	0	0	0	0	0	0	0	0	0	0	0	0	0	0	0	0	0	0	0	0	0	0	0	0	1375	831	1191	1563	266	230	249	250	236	255	234	245	234	219	245	246
14774	14775	16971	19859	0	0	0	12908	12951	12932	0	0	0	0	0	0	19867	0	0	0	0	0	12917	12921	12941	19872	19858	19820	13840	13770	13801	13854	15243	15019	17890	20421	0	0	0	13488	14151	13782	0	0	0	0	0	0	20405	0	0	0	0	0	13779	14170	13550	20432	20418	20424	15455	15327	15437	15310	0	0	0	0	0	0	0	0	0	0	0	0	0	0	0	0	0	0	0	0	0	0	0	0	0	0	0	0	0	0	0	0	1452	792	1742	929	265	229	248	251	236	254	234	244	233	219	245	246
14674	14680	14674	14688	17295	17470	17477	15519	13481	13440	13437	13440	13516	13462	13436	13456	13467	13418	13431	13457	13378	13387	13431	13475	13522	14995	17413	14970	14350	14242	14309	14350	16058	16054	16045	15949	18693	18685	18681	16031	14166	15811	14464	14939	14259	14155	14486	14058	14032	14501	14168	14095	14959	14400	15935	14161	14048	15287	18487	15875	16051	17145	15813	15924	0	0	0	0	0	0	0	0	0	0	0	0	0	0	0	0	0	0	0	0	0	0	0	0	0	0	0	0	0	0	0	0	1984	2674	2022	2596	267	230	248	251	236	255	234	244	234	219	245	246
15257	17473	17483	20284	0	0	0	18167	0	13420	0	0	0	0	0	0	0	0	0	0	0	0	13397	0	17761	20274	20395	20058	14326	14259	14296	14338	15584	18704	18687	0	0	0	0	18651	0	14291	0	0	0	0	0	0	0	0	0	0	0	0	14287	0	18363	0	0	0	15940	15818	15793	15789	0	0	0	0	0	0	0	0	0	0	0	0	0	0	0	0	0	0	0	0	0	0	0	0	0	0	0	0	0	0	0	0	1273	769	1606	1054	266	230	249	251	236	255	234	244	234	218	245	246
14079	14079	14079	14105	14117	14491	14494	14481	13012	17130	17112	17082	17074	17074	17051	17045	14830	17019	17015	17007	16949	16957	14818	12981	14005	14056	14293	14022	13872	13819	13879	13892	15678	15670	15447	14757	15393	14738	14919	15043	14674	18023	17987	18091	18288	17927	18243	18299	15349	17810	17776	17946	17812	17814	15284	14643	14616	14464	15390	15388	15554	15372	15543	15475	0	0	0	0	0	0	0	0	0	0	0	0	0	0	0	0	0	0	0	0	0	0	0	0	0	0	0	0	0	0	0	0	2484	1181	1655	2898	268	230	249	251	236	255	234	245	234	219	245	245
15371	15372	15376	17678	17862	0	0	17943	13648	13549	0	0	0	0	0	0	0	0	0	0	0	0	13531	13626	17797	0	0	17790	14451	14391	14419	14455	15935	15935	15881	18438	18430	0	0	18712	14227	14983	0	0	0	0	0	0	0	0	0	0	0	0	14959	14194	18356	0	0	18233	16069	15949	15927	15912	0	0	0	0	0	0	0	0	0	0	0	0	0	0	0	0	0	0	0	0	0	0	0	0	0	0	0	0	0	0	0	0	1485	814	1240	1375	266	230	249	251	236	255	234	245	233	219	246	246
14730	15305	15299	17554	17862	17896	17898	13502	13531	13535	0	0	0	0	0	20356	20432	0	0	0	0	20447	13516	13494	13531	17881	17862	17837	14423	14335	14386	14411	15953	15856	15838	18747	18751	18742	18758	14180	15398	14260	0	0	0	0	0	0	0	0	0	0	0	0	14251	15377	14256	18365	18357	18384	16988	15888	15875	16043	0	0	0	0	0	0	0	0	0	0	0	0	0	0	0	0	0	0	0	0	0	0	0	0	0	0	0	0	0	0	0	0	1319	975	1035	1458	266	230	249	250	236	255	234	244	233	219	245	246
15300	17512	17508	20308	0	0	0	0	13496	13462	0	0	0	0	0	0	20389	0	0	0	0	0	13434	13453	17754	20285	20266	17782	14362	14287	14324	14373	15750	18729	18712	0	0	0	0	0	14274	14545	0	0	0	0	0	0	0	0	0	0	0	0	14539	14347	18401	0	0	18337	15974	15848	15818	15832	0	0	0	0	0	0	0	0	0	0	0	0	0	0	0	0	0	0	0	0	0	0	0	0	0	0	0	0	0	0	0	0	1539	927	1148	1170	265	230	249	251	236	255	234	244	234	219	246	246
15405	15411	17604	18305	20387	0	0	18310	13596	13566	0	0	0	0	0	0	0	0	0	0	0	0	13546	13576	20473	0	0	0	14468	14388	14441	14479	15922	15844	18843	0	0	0	0	18752	14280	15225	0	0	0	0	0	0	0	0	0	0	0	0	15191	14233	0	0	0	0	16084	15949	15935	15938	0	0	0	0	0	0	0	0	0	0	0	0	0	0	0	0	0	0	0	0	0	0	0	0	0	0	0	0	0	0	0	0	1470	1044	1037	1099	266	230	249	251	236	255	234	245	233	219	245	245
0	0	0	0	0	0	0	12826	12873	12875	12845	12858	0	0	0	0	0	0	0	0	12849	12833	12850	12862	12877	0	0	0	13764	13677	13714	13790	0	0	0	0	0	0	0	13473	14097	13502	14076	13489	0	0	0	0	0	0	0	0	13490	14089	13519	14098	13641	0	0	0	15377	15230	15358	15250	0	0	0	0	0	0	0	0	0	0	0	0	0	0	0	0	0	0	0	0	0	0	0	0	0	0	0	0	0	0	0	0	656	1313	2098	276	265	230	249	251	237	255	235	245	233	219	246	246
16847	17053	17065	19657	0	0	0	12780	12815	12811	0	0	0	0	0	0	19770	0	0	0	0	0	12791	12775	12809	19746	19738	19700	13708	13609	13666	13705	18055	17770	17756	20305	0	0	0	13433	14183	13582	0	0	0	0	0	0	20035	0	0	0	0	0	13554	14153	13500	20292	20285	20295	15318	15166	15159	15166	0	0	0	0	0	0	0	0	0	0	0	0	0	0	0	0	0	0	0	0	0	0	0	0	0	0	0	0	0	0	0	0	1386	1291	1371	930	266	230	249	251	236	255	234	244	233	219	246	246
14690	14706	14707	15253	17497	17505	17510	17512	13481	13456	17545	17527	17538	17526	17514	17493	17466	17477	17470	17455	17455	17457	13430	13444	14991	15359	15333	15308	14343	14281	14322	14347	16084	16078	15907	15764	18724	18538	18536	18670	15546	15567	18546	18533	18398	18257	18529	18548	18538	18532	18509	18511	18515	18521	15571	15575	15616	15844	15885	15893	16039	15838	17177	15909	0	0	0	0	0	0	0	0	0	0	0	0	0	0	0	0	0	0	0	0	0	0	0	0	0	0	0	0	0	0	0	0	2243	882	2538	2243	267	230	249	251	236	256	234	245	233	219	246	245
14913	17110	17116	0	0	0	0	0	13047	0	0	0	0	0	0	0	17239	17245	0	17243	17230	17230	13050	13000	17096	17085	17080	17037	13914	13838	13895	13908	18343	18279	17997	0	0	0	0	0	13975	0	0	0	0	0	0	0	17778	17756	0	17532	17742	17765	13437	13979	17998	17826	17786	17985	15599	15397	15386	15377	0	0	0	0	0	0	0	0	0	0	0	0	0	0	0	0	0	0	0	0	0	0	0	0	0	0	0	0	0	0	0	0	1913	990	1032	1353	266	230	249	251	236	255	233	245	234	219	246	245
14806	14812	16979	17336	19797	19923	19930	17704	19979	12971	0	0	19957	0	0	0	19868	0	0	0	0	19880	12947	0	17353	19873	19864	19816	13869	13792	13852	13866	15360	15346	18335	18097	20473	20448	20441	18327	0	13506	0	0	20410	0	0	0	20418	0	0	0	0	20184	13489	0	17904	20455	20442	20449	15488	15352	15339	15442	0	0	0	0	0	0	0	0	0	0	0	0	0	0	0	0	0	0	0	0	0	0	0	0	0	0	0	0	0	0	0	0	1204	813	1082	1296	266	230	249	251	237	255	234	245	233	219	246	245
15085	17388	17522	20188	20245	0	0	13271	13287	13311	0	0	0	0	0	0	20198	0	0	0	0	0	13287	13257	13297	20198	20185	20147	14170	14098	14140	14174	15652	18658	18599	0	0	0	0	13772	14278	13873	0	0	0	0	0	0	0	0	0	0	0	0	13855	14253	13843	0	0	0	15840	15654	15772	15629	0	0	0	0	0	0	0	0	0	0	0	0	0	0	0	0	0	0	0	0	0	0	0	0	0	0	0	0	0	0	0	0	1291	836	1633	1119	265	230	249	251	235	255	233	244	233	219	245	245
14831	14843	14845	17079	17311	19934	19943	17379	13045	13028	0	0	19973	19968	0	19954	17422	0	0	0	19866	19883	12999	13008	15242	17421	19846	17191	13929	13849	13907	13917	15384	15378	15243	18007	17961	20455	20457	18249	14396	14316	0	0	0	0	0	20431	17939	0	0	0	20410	20405	14280	14377	15587	17931	20437	18071	15545	15408	15395	15554	0	0	0	0	0	0	0	0	0	0	0	0	0	0	0	0	0	0	0	0	0	0	0	0	0	0	0	0	0	0	0	0	1315	840	1002	1382	266	230	249	251	236	255	234	245	233	219	246	247
17015	17180	19512	19847	0	0	12904	12879	12931	12924	0	0	0	0	0	0	0	0	0	0	0	0	12907	12904	12915	12927	19886	19845	13820	13748	13784	13834	18245	18238	0	20410	0	0	13516	14442	14044	13588	0	0	0	0	0	0	0	0	0	0	0	0	13596	14030	14532	13595	20368	20413	15434	15301	15519	15289	0	0	0	0	0	0	0	0	0	0	0	0	0	0	0	0	0	0	0	0	0	0	0	0	0	0	0	0	0	0	0	0	1368	992	1349	996	266	229	249	251	236	255	234	244	233	219	245	246
14396	14396	14952	17000	17173	17179	17184	17190	13188	13159	13161	17203	17205	17193	17196	17182	17417	20015	0	20010	19991	13159	13133	13162	17261	17402	17396	17240	14044	13998	14038	14046	15594	14845	15507	18396	18384	18059	18059	18427	14324	15068	13859	18063	18063	18037	18013	18034	18102	0	0	20304	0	13859	15034	14333	18160	17854	17763	18055	15746	15556	15523	15628	0	0	0	0	0	0	0	0	0	0	0	0	0	0	0	0	0	0	0	0	0	0	0	0	0	0	0	0	0	0	0	0	1841	443	1256	1838	266	229	248	251	236	254	233	244	233	218	245	246
14531	14549	14553	14570	15043	17416	15422	13355	13388	13398	17463	17446	17453	17442	17426	17302	17405	17532	17527	17520	17385	17394	13385	13364	13395	17391	15271	15234	14256	14206	14250	14266	16007	15997	15983	15942	15934	18628	15784	14026	15166	14052	18327	18322	18266	18258	18254	18658	18425	18128	18098	18271	18107	18116	14045	15046	14099	18471	15817	15814	15948	15765	15732	15852	0	0	0	0	0	0	0	0	0	0	0	0	0	0	0	0	0	0	0	0	0	0	0	0	0	0	0	0	0	0	0	0	1963	642	1039	2543	267	230	248	251	236	255	234	244	233	219	245	246
15343	15346	17606	20455	0	0	0	13515	13540	13538	0	0	0	0	0	0	0	0	0	0	0	0	13532	13508	13576	0	0	0	14427	14338	14388	14417	15889	15866	18666	0	0	0	0	14015	14601	14142	0	0	0	0	0	0	0	0	0	0	0	0	14118	14566	13856	0	0	0	16039	15895	16031	15875	0	0	0	0	0	0	0	0	0	0	0	0	0	0	0	0	0	0	0	0	0	0	0	0	0	0	0	0	0	0	0	0	993	791	1688	1255	266	230	248	251	236	255	234	244	233	219	246	245
14894	14903	17063	17385	19904	19978	20000	20046	13101	13066	13085	20031	20038	20041	20063	20013	17425	19957	19979	19942	19882	13070	13034	13059	17287	17426	17418	17384	13958	13890	13939	13953	15431	15352	18256	17999	0	0	0	0	13755	14853	13612	0	0	0	0	0	17955	0	20333	0	0	13612	14845	13951	18024	17972	17878	17947	15578	15448	15428	15421	0	0	0	0	0	0	0	0	0	0	0	0	0	0	0	0	0	0	0	0	0	0	0	0	0	0	0	0	0	0	0	0	1688	860	1130	1504	266	230	249	251	236	255	234	244	233	219	246	245
17184	17203	17464	19989	0	0	0	0	13211	13125	13138	0	0	0	0	0	20046	0	0	0	0	13103	13089	13153	17341	19959	19944	17462	14020	13943	13991	14022	18415	18402	18111	0	0	0	0	0	13740	15050	13905	0	0	0	0	0	0	0	0	0	0	13943	15055	13720	18061	0	0	17937	15640	15503	15483	15486	0	0	0	0	0	0	0	0	0	0	0	0	0	0	0	0	0	0	0	0	0	0	0	0	0	0	0	0	0	0	0	0	1040	809	1062	1238	266	230	248	251	236	255	234	244	234	219	246	246
15085	17502	20107	0	0	0	0	0	0	13228	0	0	0	0	0	0	0	0	0	0	0	0	13216	0	0	0	0	0	14133	14071	14098	14153	15506	18052	0	0	0	0	0	0	0	13899	0	0	0	0	0	0	0	0	0	0	0	0	13835	0	0	0	0	0	15832	15631	15598	15608	0	0	0	0	0	0	0	0	0	0	0	0	0	0	0	0	0	0	0	0	0	0	0	0	0	0	0	0	0	0	0	0	1606	795	1605	894	266	230	249	251	237	255	234	245	234	219	246	246
17669	17864	20162	0	0	0	0	0	13584	13560	0	0	0	0	0	0	20479	0	0	0	0	0	13532	13546	17778	20390	20458	17878	14455	14373	14415	14464	18789	18778	0	0	0	0	0	0	14442	14516	0	0	0	0	0	0	0	0	0	0	0	0	14505	14442	18480	0	0	18371	16173	15933	15909	15923	0	0	0	0	0	0	0	0	0	0	0	0	0	0	0	0	0	0	0	0	0	0	0	0	0	0	0	0	0	0	0	0	1480	911	1618	1126	266	230	249	251	236	255	234	245	234	219	246	246
14584	14584	16792	17120	19667	19683	19694	17497	12806	12755	12758	0	19721	0	0	0	19625	19644	19648	19625	19611	12740	12726	12772	16960	19617	19599	17138	13654	13575	13619	13657	15121	15107	18061	17529	20219	20194	20128	17894	13359	14315	13456	0	20150	0	0	0	20213	20167	19987	20146	20163	13479	14301	13339	18018	20204	20178	17543	15272	15135	15193	15256	0	0	0	0	0	0	0	0	0	0	0	0	0	0	0	0	0	0	0	0	0	0	0	0	0	0	0	0	0	0	0	0	1077	778	1226	1306	266	230	248	251	236	254	234	244	234	219	245	245
14979	14983	17192	20055	0	0	0	13137	13165	13153	0	0	0	0	0	0	0	0	0	0	0	0	13147	13149	13178	0	0	20073	14040	13989	14014	14063	15485	15398	18103	0	0	0	0	13692	14518	14398	0	0	0	0	0	0	0	0	0	0	0	0	14396	14509	13748	0	0	0	15740	15548	15631	15515	0	0	0	0	0	0	0	0	0	0	0	0	0	0	0	0	0	0	0	0	0	0	0	0	0	0	0	0	0	0	0	0	2356	979	1448	1034	266	230	248	251	236	255	234	244	233	219	245	245
14179	14763	14764	17215	17271	0	0	17666	0	12944	0	0	0	0	0	0	0	0	0	0	0	0	12921	0	15170	0	0	17214	13849	13768	13821	13861	14540	15287	15173	17974	17831	0	0	0	0	13866	0	0	0	0	0	0	0	0	0	0	0	0	13849	0	15644	0	0	17622	15463	15329	15318	15340	0	0	0	0	0	0	0	0	0	0	0	0	0	0	0	0	0	0	0	0	0	0	0	0	0	0	0	0	0	0	0	0	1380	1182	1583	1326	266	230	249	252	237	255	234	245	234	219	245	246
14335	14865	14862	17221	17297	17338	17363	17390	17403	20005	19990	19974	19983	19981	19974	19959	17313	0	0	0	19884	0	0	0	17101	17292	17272	17236	13936	13895	13906	13954	15686	15426	15409	18005	17987	17854	17831	17930	17884	0	0	20442	0	20466	20471	20478	17666	0	0	0	20267	0	0	0	17898	17829	17816	17864	15543	15451	15612	15409	0	0	0	0	0	0	0	0	0	0	0	0	0	0	0	0	0	0	0	0	0	0	0	0	0	0	0	0	0	0	0	0	1304	755	1468	1543	266	229	249	251	236	254	234	244	233	219	245	245
14694	15251	17338	17675	17708	17726	17746	17766	13475	13459	13500	0	0	0	0	0	20356	20365	0	0	20343	13479	13430	13442	13500	20358	20340	17577	14362	14286	14331	14354	15814	15790	18548	18308	18306	18271	18276	18650	14413	14450	13955	0	0	0	0	0	0	0	0	0	0	13991	14413	14396	13864	0	0	18431	15978	15844	15822	15814	0	0	0	0	0	0	0	0	0	0	0	0	0	0	0	0	0	0	0	0	0	0	0	0	0	0	0	0	0	0	0	0	1169	839	971	1336	266	230	249	251	236	255	234	245	233	219	246	246
14830	14842	14846	17440	17642	17665	17654	17646	13642	13598	13612	17676	17665	17660	17650	17638	15160	17705	17703	17698	17682	13586	13562	13598	15100	17589	15461	15122	14491	14420	14468	14477	16220	16047	16023	18613	18622	18397	18376	18764	14219	14659	14160	18351	18363	18351	18341	18622	15621	18573	18564	18562	18551	14153	14655	14198	15734	18578	15929	16011	16115	15981	16049	16060	0	0	0	0	0	0	0	0	0	0	0	0	0	0	0	0	0	0	0	0	0	0	0	0	0	0	0	0	0	0	0	0	1611	839	1312	2012	267	230	249	251	236	255	233	244	233	218	246	245
17450	17623	17636	0	0	0	0	0	13377	0	0	0	0	0	0	0	0	0	0	0	0	0	0	13351	20350	0	0	0	14278	14192	14228	14287	18356	18190	18169	0	0	0	0	0	14336	0	0	0	0	0	0	0	0	0	0	0	0	0	0	14304	0	0	0	0	15888	15748	15863	15749	0	0	0	0	0	0	0	0	0	0	0	0	0	0	0	0	0	0	0	0	0	0	0	0	0	0	0	0	0	0	0	0	1113	966	2293	983	265	229	248	250	235	255	233	243	233	218	245	245
17715	17774	17891	0	0	0	0	0	0	13623	0	0	0	0	0	0	0	0	0	0	0	0	13608	0	20466	20468	0	20445	14511	14457	14499	14532	18957	18910	18597	0	0	0	0	0	0	14162	0	0	0	0	0	0	0	0	0	0	0	0	14157	0	0	0	0	0	16125	16018	15994	16013	0	0	0	0	0	0	0	0	0	0	0	0	0	0	0	0	0	0	0	0	0	0	0	0	0	0	0	0	0	0	0	0	1676	737	1240	1051	266	230	249	251	236	255	234	245	233	219	245	246
14105	14639	14633	16925	17279	19844	19847	17649	12874	12836	12822	0	0	0	0	0	17215	17238	0	0	17225	12817	12807	12845	17187	17212	17197	17172	13741	13671	13717	13734	15196	15184	15166	17831	17815	20347	20326	18001	13481	14166	13751	0	0	0	0	0	17768	17512	0	0	17680	13740	14119	13467	17812	17778	17754	17748	15360	15233	15207	15202	0	0	0	0	0	0	0	0	0	0	0	0	0	0	0	0	0	0	0	0	0	0	0	0	0	0	0	0	0	0	0	0	1331	748	1165	1283	266	230	249	251	236	256	234	245	233	219	246	245
14894	15447	15443	17727	17909	17925	17943	17957	13704	13642	13678	0	0	0	0	0	17875	0	0	0	0	13658	13612	13668	17735	17869	17858	17805	14530	14464	14517	14541	16007	15995	15980	18586	18487	18479	18457	18608	14255	14814	14251	0	0	0	0	0	18385	0	0	0	0	14217	14838	14243	18636	18403	18399	18574	16222	16019	16136	16132	0	0	0	0	0	0	0	0	0	0	0	0	0	0	0	0	0	0	0	0	0	0	0	0	0	0	0	0	0	0	0	0	2389	1016	1147	1542	266	230	249	251	236	255	234	244	234	219	245	246
14116	14680	14680	17166	17343	0	0	19743	12908	0	0	0	0	0	0	19748	0	0	0	0	0	0	0	12883	17321	0	0	19841	13801	13706	13765	13789	15363	15220	15196	17870	17831	0	0	0	13477	0	0	0	0	0	0	20019	0	0	0	0	0	0	0	13446	17664	0	0	20337	15408	15291	15258	15261	0	0	0	0	0	0	0	0	0	0	0	0	0	0	0	0	0	0	0	0	0	0	0	0	0	0	0	0	0	0	0	0	1160	928	1082	1287	266	230	249	251	236	255	234	245	234	219	246	246
14558	14556	14614	14630	14652	14659	14662	14674	14707	13426	15144	15128	14680	15153	15151	15122	17561	17596	17609	15355	17541	15366	13405	15362	15017	15358	15331	15302	14326	14263	14307	14316	16074	16076	16063	16037	16043	16025	16035	16061	16076	14340	15788	15787	14980	15771	15938	16011	18591	18569	18550	15822	18548	18544	14315	15908	15955	15936	15931	15931	15948	15824	15792	15891	0	0	0	0	0	0	0	0	0	0	0	0	0	0	0	0	0	0	0	0	0	0	0	0	0	0	0	0	0	0	0	0	1628	810	1351	3198	267	230	249	251	236	255	234	245	234	219	246	246
17275	17350	17469	20067	20215	20235	0	17977	13232	0	0	0	0	0	0	0	20188	0	0	0	0	0	0	13216	20054	20181	20174	20137	14111	14042	14075	14130	18522	18505	18487	0	0	0	0	18258	13796	0	0	0	0	0	0	0	0	0	0	0	0	0	0	13790	0	0	0	0	15730	15602	15583	15585	0	0	0	0	0	0	0	0	0	0	0	0	0	0	0	0	0	0	0	0	0	0	0	0	0	0	0	0	0	0	0	0	1501	988	1738	1024	266	230	248	251	236	255	234	245	233	219	246	246
14409	14407	17175	0	0	0	0	13112	13140	13119	13147	0	0	0	0	13107	13100	0	0	0	0	13112	13095	13099	13128	17553	17516	17147	14016	13941	13983	14020	14911	14859	18101	0	0	0	0	13694	14694	14664	13729	0	0	0	0	13760	13698	0	0	0	0	13729	14670	14694	13736	0	0	0	15634	15502	15483	15480	0	0	0	0	0	0	0	0	0	0	0	0	0	0	0	0	0	0	0	0	0	0	0	0	0	0	0	0	0	0	0	0	1464	872	1592	1158	266	230	250	251	236	255	234	244	234	219	246	246
17682	17803	0	0	0	0	0	0	13723	13631	0	0	0	0	0	0	0	0	0	0	0	0	13615	0	0	0	0	0	14520	14459	14499	14532	18701	18436	0	0	0	0	0	0	14171	14514	0	0	0	0	0	0	0	0	0	0	0	0	14498	0	0	0	0	0	16140	16021	15999	15997	0	0	0	0	0	0	0	0	0	0	0	0	0	0	0	0	0	0	0	0	0	0	0	0	0	0	0	0	0	0	0	0	1845	753	1143	1000	265	230	248	251	236	255	234	245	233	219	246	246
13700	14009	14010	14022	14032	14040	14054	12998	12987	12967	12971	14046	14052	14088	14442	14433	14090	14803	14799	14800	14758	12952	12928	12947	13004	13967	13656	13633	13861	13782	13851	13849	15628	15632	15615	15375	15366	15358	15367	13374	14285	15009	13638	15387	15418	15402	15412	15403	14458	15346	15340	15335	15331	13661	14875	14235	13556	14542	15367	15365	15552	15333	15331	15406	0	0	0	0	0	0	0	0	0	0	0	0	0	0	0	0	0	0	0	0	0	0	0	0	0	0	0	0	0	0	0	0	3076	1565	939	4003	268	230	249	251	236	255	234	244	233	219	246	246
14618	14614	16887	19682	19743	0	0	0	12846	12803	12853	0	0	0	0	0	19723	0	0	0	0	12831	12774	12810	17041	19700	19696	19658	13708	13631	13680	13702	15155	15144	18132	20293	20289	0	0	0	13556	13965	13426	0	0	0	0	0	20264	0	0	0	0	13426	13979	13538	17746	20306	20274	20283	15348	15190	15312	15163	0	0	0	0	0	0	0	0	0	0	0	0	0	0	0	0	0	0	0	0	0	0	0	0	0	0	0	0	0	0	0	0	1317	820	1486	1309	266	230	249	251	236	255	234	245	233	219	246	246
14462	15007	15001	17207	17489	17501	17511	17532	17562	20157	20151	20127	20133	20127	20123	20107	0	0	0	0	0	0	0	0	17318	17443	17436	17388	14120	14038	14096	14101	15593	15575	15555	18124	18057	18057	18059	18376	18118	0	20459	0	0	0	0	0	0	0	0	0	0	0	0	0	18210	17941	17949	17972	15812	15597	15581	15681	0	0	0	0	0	0	0	0	0	0	0	0	0	0	0	0	0	0	0	0	0	0	0	0	0	0	0	0	0	0	0	0	1216	831	996	1648	266	230	249	251	236	256	234	245	234	219	246	246
14933	14936	14934	17457	19912	20063	20089	17830	13118	13097	0	0	0	0	0	0	20011	0	0	0	0	0	13079	13089	17458	19940	19926	17443	13983	13932	13983	14002	15478	15478	15437	18300	0	0	0	18402	14327	14300	0	0	0	0	0	0	0	0	0	0	0	0	14301	14331	18058	0	0	17987	15679	15489	15464	15565	0	0	0	0	0	0	0	0	0	0	0	0	0	0	0	0	0	0	0	0	0	0	0	0	0	0	0	0	0	0	0	0	2369	886	1078	1377	266	231	249	251	236	255	235	245	233	219	246	246
14093	14117	14509	16724	16922	16932	16935	16937	12971	12869	12945	16954	16954	16947	16931	16921	16876	16989	16975	16886	16880	12911	12835	12923	14397	14772	14751	14725	13757	13705	13749	13754	15492	15484	15319	18131	17943	17850	17812	18061	13544	14217	13582	17649	17661	17650	17638	17931	17914	17902	17868	17902	17851	13623	14192	13532	15037	15201	15280	15304	15381	15269	15235	15352	0	0	0	0	0	0	0	0	0	0	0	0	0	0	0	0	0	0	0	0	0	0	0	0	0	0	0	0	0	0	0	0	1673	699	1246	2116	267	230	249	251	236	255	234	244	234	219	245	246
14620	16840	16835	19656	0	0	0	0	12853	12791	12780	0	0	0	0	0	19720	0	0	0	0	12764	12755	12811	17156	17166	17149	17118	13690	13611	13663	13682	15086	18063	18043	20291	0	0	0	0	13345	13729	13497	0	0	0	0	0	20268	0	0	0	0	13511	13719	13326	17737	17682	17587	17677	15308	15170	15154	15150	0	0	0	0	0	0	0	0	0	0	0	0	0	0	0	0	0	0	0	0	0	0	0	0	0	0	0	0	0	0	0	0	1164	783	959	1123	266	230	249	251	236	255	234	245	233	219	245	245
14518	14528	14522	17257	17311	17324	17335	17353	13320	13332	17356	17336	17344	17335	17329	17321	17518	0	0	0	0	17518	13309	13287	14903	17499	17484	17388	14206	14129	14179	14188	15899	15865	15746	18357	18323	18184	18195	18212	14203	13873	18206	18215	18142	18087	18124	18209	18079	0	0	0	0	18028	13861	14190	15269	18083	18070	18069	15820	15689	15673	15650	0	0	0	0	0	0	0	0	0	0	0	0	0	0	0	0	0	0	0	0	0	0	0	0	0	0	0	0	0	0	0	0	1191	767	1059	1602	266	230	249	250	236	256	234	245	234	219	246	246
15450	15454	17657	20475	0	0	0	0	13642	13617	0	0	0	0	0	0	0	0	0	0	0	0	13589	13606	17967	0	0	17947	14508	14432	14486	14518	15974	15937	18856	0	0	0	0	0	14461	14539	0	0	0	0	0	0	0	0	0	0	0	0	14543	14442	18550	0	0	18475	16193	15991	15978	16117	0	0	0	0	0	0	0	0	0	0	0	0	0	0	0	0	0	0	0	0	0	0	0	0	0	0	0	0	0	0	0	0	2494	895	1096	1199	266	230	249	251	237	255	234	245	233	219	245	246
13991	13995	14015	14035	14501	14517	14880	14554	14591	12846	16929	16906	16913	16899	16883	16866	16987	17007	17015	17007	16981	16982	12826	16894	14406	16903	14754	14722	13750	13666	13722	13736	15485	15486	15462	15418	15429	15007	15380	15452	15021	13395	17902	17898	17862	17738	17884	18089	17784	17619	17594	17592	17604	17612	13372	17612	15015	17957	15295	15302	15370	15220	15217	15327	0	0	0	0	0	0	0	0	0	0	0	0	0	0	0	0	0	0	0	0	0	0	0	0	0	0	0	0	0	0	0	0	1259	1100	968	2531	267	230	249	251	236	256	234	244	233	218	246	246
14701	16895	16895	19714	0	0	12928	12982	12851	0	0	0	0	0	0	0	19775	0	0	0	0	0	0	12821	12994	12834	13012	17176	13744	13678	13710	13758	14969	18107	17998	20338	0	0	13878	13544	13965	0	0	0	0	0	0	0	20333	0	0	0	0	0	0	13951	13727	13941	13358	17711	15363	15241	15215	15214	0	0	0	0	0	0	0	0	0	0	0	0	0	0	0	0	0	0	0	0	0	0	0	0	0	0	0	0	0	0	0	0	1435	730	1488	1028	266	230	249	251	236	255	234	245	233	219	246	246
14014	14600	14601	17031	17094	17147	17148	17169	12803	0	0	0	0	0	0	0	19701	0	0	0	0	0	0	12774	12825	17087	17077	17034	13702	13621	13667	13688	15155	15141	15103	17708	17708	17688	17621	19903	13837	0	0	0	0	0	0	0	20245	0	0	0	0	0	0	13815	13287	17532	17596	17640	15321	15182	15161	15153	0	0	0	0	0	0	0	0	0	0	0	0	0	0	0	0	0	0	0	0	0	0	0	0	0	0	0	0	0	0	0	0	1114	841	1193	1396	266	230	249	251	236	255	234	245	234	219	245	246
17619	17838	0	0	0	0	0	0	13560	13598	0	0	0	0	0	0	0	0	0	0	0	0	0	13531	0	0	0	0	14448	14384	14417	14469	18745	18363	0	0	0	0	0	0	14919	14048	0	0	0	0	0	0	0	0	0	0	0	0	0	14906	0	0	0	0	16069	15945	15912	15927	0	0	0	0	0	0	0	0	0	0	0	0	0	0	0	0	0	0	0	0	0	0	0	0	0	0	0	0	0	0	0	0	1437	871	1310	914	265	230	249	251	235	255	234	244	233	219	245	246
14061	14063	14069	14084	14401	14582	14743	14636	14659	17015	16831	16962	16966	16953	16823	14766	17063	17103	17106	17089	16942	16949	16938	16961	14476	14853	14818	14785	13812	13744	13806	13801	15567	15564	15546	15493	15490	15481	15488	15517	14973	18227	18208	18200	18212	18201	18199	15220	18027	17870	17886	18011	17860	18005	18017	18036	15084	15367	15395	15404	15537	15301	15291	15371	0	0	0	0	0	0	0	0	0	0	0	0	0	0	0	0	0	0	0	0	0	0	0	0	0	0	0	0	0	0	0	0	1911	1472	1300	3044	267	230	248	250	236	255	233	244	233	219	246	245
14753	15287	15283	17681	0	0	0	13446	13492	13506	0	0	0	0	0	0	0	0	0	0	0	0	13481	13456	13471	13537	17662	17600	14355	14297	14348	14363	15125	15818	15791	18306	0	0	0	14442	14830	14088	0	0	0	0	0	0	0	0	0	0	0	0	14071	14802	14559	18109	18113	18307	15973	15852	15836	15974	0	0	0	0	0	0	0	0	0	0	0	0	0	0	0	0	0	0	0	0	0	0	0	0	0	0	0	0	0	0	0	0	1975	778	1041	1336	266	230	248	251	237	255	234	245	233	219	246	247
14608	15153	15148	17411	17607	17634	20227	17656	13385	13348	13355	0	20254	0	0	20245	17577	0	0	0	0	13350	13323	13353	17418	17569	17559	17375	14232	14188	14232	14246	15705	15694	15675	18322	18163	18153	0	18182	14394	14832	13953	0	0	0	0	0	18269	0	0	0	0	13956	14855	14381	18328	18295	18277	18273	15912	15745	15715	15702	0	0	0	0	0	0	0	0	0	0	0	0	0	0	0	0	0	0	0	0	0	0	0	0	0	0	0	0	0	0	0	0	2070	767	1309	1464	267	229	249	250	237	255	234	245	233	219	245	246
14071	14086	14091	16933	16989	17056	17067	17075	12881	12853	12888	17095	17104	17107	17096	17074	17032	17051	0	0	17015	12871	12823	12842	14395	16962	16949	16915	13749	13671	13724	13741	15304	15281	15199	17721	17708	17654	17662	17730	13790	14103	13397	17555	17653	17500	17563	17638	17619	17594	0	0	17577	13395	14083	13768	15014	17613	17598	17797	15363	15230	15212	15339	0	0	0	0	0	0	0	0	0	0	0	0	0	0	0	0	0	0	0	0	0	0	0	0	0	0	0	0	0	0	0	0	1128	826	1053	1699	266	230	249	252	236	255	234	245	233	219	246	245
14333	14338	14744	16995	17167	17177	17181	13096	13118	13134	17234	17211	17186	17196	17166	17147	17230	17289	0	17327	17233	17240	13111	13090	13124	17209	17179	14999	14001	13938	13981	13998	15717	15678	15575	18126	18055	17966	17971	13626	14798	13688	17891	17878	17894	17882	17871	17927	17894	17886	0	17780	17868	17870	13670	14784	13694	17951	18108	15500	15619	15492	15475	15578	0	0	0	0	0	0	0	0	0	0	0	0	0	0	0	0	0	0	0	0	0	0	0	0	0	0	0	0	0	0	0	0	1325	697	832	1768	267	230	249	250	236	255	234	245	233	219	245	245
14676	14694	15035	17489	17505	17532	17606	13398	13422	13440	17681	17662	17656	0	17470	17457	17516	17540	17616	17581	17522	17526	13406	13381	13417	17483	17465	15279	14309	14228	14271	14303	16001	15885	15799	18356	18212	18204	18199	14042	15766	14074	18027	17920	18195	0	18110	18182	18412	18174	18033	18204	18157	18165	14080	15743	14119	18418	18405	15840	15920	15786	15758	15888	0	0	0	0	0	0	0	0	0	0	0	0	0	0	0	0	0	0	0	0	0	0	0	0	0	0	0	0	0	0	0	0	1280	843	1643	1839	267	230	249	251	236	256	234	245	233	219	246	246
15454	15456	17719	0	0	0	0	13628	13650	13644	0	0	0	0	0	0	18011	0	0	0	0	0	13623	13619	13648	18001	17988	17957	14526	14461	14518	14528	15995	15982	18933	0	0	0	0	14160	15022	14700	0	0	0	0	0	0	18383	0	0	0	0	0	14701	15002	14226	18532	18496	18519	16148	16019	16003	16123	0	0	0	0	0	0	0	0	0	0	0	0	0	0	0	0	0	0	0	0	0	0	0	0	0	0	0	0	0	0	0	0	1469	784	960	1359	266	230	248	251	236	255	234	245	233	219	246	245
14179	14183	14740	16811	17031	17075	17079	17051	13020	17221	17218	17203	17063	17067	17049	17033	17075	17120	17110	17098	17085	17094	17079	12971	14572	16986	16960	16923	13876	13806	13853	13868	15583	15578	15405	18011	18022	17983	17959	18174	17823	17769	17746	17765	17762	17749	17738	17995	18059	17991	17969	17978	17961	17963	17967	13344	15124	18128	18407	18456	15491	15364	15342	15460	0	0	0	0	0	0	0	0	0	0	0	0	0	0	0	0	0	0	0	0	0	0	0	0	0	0	0	0	0	0	0	0	1533	897	1133	2089	267	230	249	252	236	256	233	245	234	219	246	246
14894	14897	17114	17529	19952	0	20141	17839	13084	13080	0	0	0	0	0	0	0	0	0	0	0	0	13074	13056	19954	20081	20073	20031	13963	13883	13929	13974	15420	15396	18374	17866	0	0	20418	18364	14161	13834	0	0	0	0	0	0	0	0	0	0	0	0	13782	14131	0	0	0	0	15577	15438	15599	15437	0	0	0	0	0	0	0	0	0	0	0	0	0	0	0	0	0	0	0	0	0	0	0	0	0	0	0	0	0	0	0	0	1305	953	2520	1091	265	229	248	251	236	255	233	244	233	219	245	246
12935	12904	12895	12911	12904	12908	12921	12945	12986	12965	13065	12931	12965	12949	12955	13055	13039	12967	12908	12941	12947	12993	12941	12943	12992	12953	12923	12917	13835	13784	13867	13844	15575	14507	14153	13695	15121	14732	13991	13898	14241	14010	13999	13985	13967	14465	13945	13973	14028	13919	14436	13902	13914	13911	13883	14237	13782	14129	14730	15276	15455	15346	15365	15410	0	0	0	0	0	0	0	0	0	0	0	0	0	0	0	0	0	0	0	0	0	0	0	0	0	0	0	0	0	0	0	0	2986	1083	385	2680	267	230	248	251	236	255	233	244	233	219	245	246
14139	14162	14672	16718	16982	16997	16997	12894	12919	12919	17214	17201	16943	16931	16933	16913	17118	17139	19973	19950	17126	17131	12895	12881	12917	16992	16971	16947	13810	13727	13784	13786	15449	15279	15269	18055	17784	17738	17742	13512	14160	13582	17757	17757	17758	17734	17730	17746	17669	17518	20472	0	17390	17433	13567	14138	13572	17688	17675	17668	15495	15278	15267	15371	0	0	0	0	0	0	0	0	0	0	0	0	0	0	0	0	0	0	0	0	0	0	0	0	0	0	0	0	0	0	0	0	1247	859	978	1866	267	230	249	251	236	256	234	245	234	219	245	246
17284	19912	19927	0	0	0	0	0	13074	12967	13093	0	0	0	0	0	19883	19910	0	0	19891	13031	12939	13022	17192	19889	19876	19849	13895	13815	13829	13881	17951	0	0	0	0	0	0	0	13662	14933	13581	0	0	0	0	0	0	20457	0	0	20432	13615	15454	13652	17846	0	20472	20468	15508	15374	15331	15339	0	0	0	0	0	0	0	0	0	0	0	0	0	0	0	0	0	0	0	0	0	0	0	0	0	0	0	0	0	0	0	0	430	401	1559	934	266	230	248	251	236	255	234	245	233	219	246	246
14391	14911	14913	17397	19978	20007	20015	17872	13122	13075	20076	20056	20061	0	0	20039	19981	20009	0	0	19978	19987	13058	13099	17333	19983	19963	17825	13977	13902	13943	13993	15470	15470	15441	17959	0	0	0	18391	13695	13918	20380	20464	0	0	0	0	0	20478	0	0	0	0	13899	13680	18393	0	0	18109	15593	15460	15592	15578	0	0	0	0	0	0	0	0	0	0	0	0	0	0	0	0	0	0	0	0	0	0	0	0	0	0	0	0	0	0	0	0	1747	995	1542	1299	266	230	249	251	236	255	234	245	233	219	246	246
14481	14495	14503	17287	17423	17589	17604	17615	17518	13254	17654	17645	17495	17505	17490	17468	0	0	0	0	0	0	13228	0	17607	0	0	0	14162	14086	14137	14151	15754	15663	14881	18508	18519	18487	18487	18561	18296	14630	18136	18075	18149	0	17949	18303	0	0	0	0	0	0	14581	0	18136	0	0	0	15780	15644	15619	15748	0	0	0	0	0	0	0	0	0	0	0	0	0	0	0	0	0	0	0	0	0	0	0	0	0	0	0	0	0	0	0	0	1316	745	892	1623	266	230	249	251	236	255	234	245	233	219	246	246
14356	14388	14379	17006	17191	17203	17199	13151	13155	13148	17242	17221	17201	17195	17176	17162	17211	17294	17313	17303	17252	17239	13125	13122	13171	15068	15045	15014	14036	13957	14017	14024	15743	15698	15619	18146	18157	17998	17987	13694	14245	14018	17941	17923	17929	17898	17894	18097	18103	17898	17902	18095	17886	17890	14007	14227	13754	15468	15562	15575	15652	15517	15506	15612	0	0	0	0	0	0	0	0	0	0	0	0	0	0	0	0	0	0	0	0	0	0	0	0	0	0	0	0	0	0	0	0	1316	1291	991	1826	267	230	249	251	236	256	233	245	234	219	246	246
14595	14597	14591	17375	17579	17641	17650	17680	13380	13378	17711	17695	17707	17709	17695	17665	0	0	0	0	0	0	13372	13353	17626	0	20264	20233	14263	14171	14237	14252	15963	15959	15941	18603	18603	18564	18574	18654	14249	14103	18294	18349	18583	18303	18525	18582	0	0	0	0	0	0	14058	14207	18205	0	0	0	15875	16254	15723	15912	0	0	0	0	0	0	0	0	0	0	0	0	0	0	0	0	0	0	0	0	0	0	0	0	0	0	0	0	0	0	0	0	1085	2354	1113	1588	266	230	249	251	236	255	234	245	233	219	245	246
14516	14524	15050	17316	17342	17434	17442	17360	13311	13257	13646	0	17348	0	17336	17319	17460	17481	0	17481	17453	13625	13240	13283	14874	17369	17352	15166	14153	14090	14137	14164	15861	15735	15608	18303	18144	18091	18093	18505	14372	14755	14235	0	18085	0	17842	18052	18045	18034	0	18008	18021	14247	14778	14387	15408	18222	18322	15639	15776	15644	15804	15758	0	0	0	0	0	0	0	0	0	0	0	0	0	0	0	0	0	0	0	0	0	0	0	0	0	0	0	0	0	0	0	0	1612	1261	1270	1761	266	230	249	251	235	254	234	245	234	219	245	246
14906	14918	14915	17654	17691	17704	17709	13650	13690	13696	17757	17732	17738	17734	17724	17715	0	0	0	0	0	0	13690	13657	13692	17905	17878	17806	14573	14489	14547	14554	16271	16061	16045	18931	18918	18742	18874	14280	14891	14304	18594	18590	18591	18577	18569	18835	0	0	0	0	0	0	14280	14870	14348	18444	18420	18739	16185	16046	16038	16143	0	0	0	0	0	0	0	0	0	0	0	0	0	0	0	0	0	0	0	0	0	0	0	0	0	0	0	0	0	0	0	0	981	942	873	1708	266	230	249	251	237	255	234	245	234	219	245	246
17594	17669	17831	0	0	0	0	0	13598	13571	13621	0	0	0	0	0	0	0	0	0	0	0	13562	13584	0	0	0	0	14467	14399	14427	14486	18934	18405	18385	0	0	0	0	0	14926	15035	14119	0	0	0	0	0	0	0	0	0	0	0	14987	14887	0	0	0	0	16166	15961	16084	15941	0	0	0	0	0	0	0	0	0	0	0	0	0	0	0	0	0	0	0	0	0	0	0	0	0	0	0	0	0	0	0	0	1388	851	1758	1008	266	230	249	251	237	255	234	244	234	219	246	246
14123	14129	14659	16919	17095	17114	17126	17135	12913	12897	12936	0	16953	0	17142	16939	17127	0	0	0	19985	12925	12871	12881	16994	17112	17087	16979	13796	13717	13766	13782	15498	15342	15317	17939	17939	17778	17780	17946	14175	14196	13405	0	17707	0	17675	17684	17472	0	0	0	20348	13385	14149	14147	17909	17644	17638	17882	15410	15274	15256	15342	0	0	0	0	0	0	0	0	0	0	0	0	0	0	0	0	0	0	0	0	0	0	0	0	0	0	0	0	0	0	0	0	1221	789	1026	1732	266	230	249	250	237	255	234	245	233	219	246	246
17261	17313	19806	0	0	0	0	12978	12991	13007	0	0	0	0	0	0	19879	19907	0	0	19887	19896	12967	12959	12985	17309	19858	17274	13864	13796	13845	13881	18197	17884	0	0	0	0	0	13615	14826	13729	0	0	0	0	0	0	20451	20365	0	0	20416	20422	13747	14824	13718	17631	20445	17794	15554	15353	15333	15337	0	0	0	0	0	0	0	0	0	0	0	0	0	0	0	0	0	0	0	0	0	0	0	0	0	0	0	0	0	0	0	0	2158	916	1192	966	266	230	249	251	236	255	234	245	233	219	246	246
14935	14947	15478	17736	17750	17766	17776	17791	13751	13691	13744	17798	17798	17791	17782	17765	17844	0	0	0	17848	13724	13657	13716	15289	17841	17748	17718	14578	14521	14565	14577	16201	16190	16051	18718	18610	18569	18569	18886	14396	14744	14288	18554	18490	18474	18464	18538	18477	0	0	0	18349	14287	14720	14374	15844	18473	18462	18593	16200	16085	16051	16181	0	0	0	0	0	0	0	0	0	0	0	0	0	0	0	0	0	0	0	0	0	0	0	0	0	0	0	0	0	0	0	0	1672	761	1061	1750	267	231	249	251	236	255	234	245	234	219	245	246
14597	14599	14595	17130	19678	0	0	17563	12815	12778	12787	0	0	0	0	0	19786	0	0	0	0	12789	12747	12793	17177	17190	19769	17145	13674	13602	13654	13673	15134	15134	15095	17728	20334	0	0	18055	13458	13956	13405	0	0	0	0	0	20043	0	0	0	0	13335	13963	13430	17752	17522	20298	17677	15295	15165	15144	15136	0	0	0	0	0	0	0	0	0	0	0	0	0	0	0	0	0	0	0	0	0	0	0	0	0	0	0	0	0	0	0	0	1273	730	929	1235	266	230	249	251	236	255	234	244	233	219	245	246
15299	15305	17497	20437	20463	0	0	0	13594	13470	13536	0	0	0	0	0	0	0	0	0	0	13529	13444	13570	17897	20415	20419	20378	14375	14305	14350	14381	15862	15840	18704	0	0	0	0	0	14164	14623	14143	0	0	0	0	0	0	0	0	0	0	14062	14575	14116	18247	0	0	0	15993	15861	15844	15988	0	0	0	0	0	0	0	0	0	0	0	0	0	0	0	0	0	0	0	0	0	0	0	0	0	0	0	0	0	0	0	0	1168	757	1015	1115	266	230	249	251	236	255	234	245	233	219	246	246
0	0	0	0	0	0	0	0	13754	13735	0	0	0	0	0	0	0	0	0	0	0	0	13715	13724	0	0	0	0	14618	14557	14611	14642	0	0	0	0	0	0	0	0	14551	14503	0	0	0	0	0	0	0	0	0	0	0	0	14485	14539	0	0	0	0	16319	16117	16100	16104	0	0	0	0	0	0	0	0	0	0	0	0	0	0	0	0	0	0	0	0	0	0	0	0	0	0	0	0	0	0	0	0	2154	876	1380	592	265	231	249	251	237	255	234	245	233	220	246	246
14522	15059	15054	17320	17464	17515	13267	13231	13323	17585	17571	13393	13265	13239	13253	17491	17449	13261	13229	13239	17438	17438	17432	13280	13245	13283	17398	17285	14160	14079	14142	14145	15618	15609	15595	18155	18101	18087	14302	14666	14356	18124	18028	13665	14006	14732	13931	18079	17999	13959	14784	14001	17966	17981	17983	14327	14754	14346	18136	18182	15776	15634	15627	15760	0	0	0	0	0	0	0	0	0	0	0	0	0	0	0	0	0	0	0	0	0	0	0	0	0	0	0	0	0	0	0	0	1256	911	837	1644	266	230	249	251	236	255	234	244	233	219	246	246
15059	17272	17266	20051	20211	0	0	20271	13295	13228	13243	0	0	0	0	0	20192	0	0	0	0	13229	13194	13260	17560	20170	20164	20118	14125	14052	14096	14127	15493	18481	18464	0	0	0	0	0	13834	14313	13784	0	0	0	0	0	0	0	0	0	0	13782	14288	13814	18140	0	0	0	15740	15612	15593	15585	0	0	0	0	0	0	0	0	0	0	0	0	0	0	0	0	0	0	0	0	0	0	0	0	0	0	0	0	0	0	0	0	1360	805	999	1074	265	229	248	250	236	255	234	244	233	219	246	246
15217	15216	17453	0	0	0	0	13351	13383	13391	0	0	0	0	0	0	0	0	0	0	0	0	13388	13363	13401	0	0	0	14271	14206	14244	14283	15746	15738	18357	0	0	0	0	13983	14796	14038	0	0	0	0	0	0	0	0	0	0	0	0	14023	14760	14068	0	0	0	15888	15757	15875	15736	0	0	0	0	0	0	0	0	0	0	0	0	0	0	0	0	0	0	0	0	0	0	0	0	0	0	0	0	0	0	0	0	1777	885	1101	1039	266	230	249	251	236	255	234	244	234	219	246	246
17770	0	0	0	0	0	0	13654	13683	13687	0	0	0	0	0	0	0	0	0	0	0	0	13678	13665	13694	0	0	0	14575	14505	14524	14597	18479	0	0	0	0	0	0	14261	15376	14333	0	0	0	0	0	0	0	0	0	0	0	0	14368	15389	14414	0	0	0	16192	16060	16157	16056	0	0	0	0	0	0	0	0	0	0	0	0	0	0	0	0	0	0	0	0	0	0	0	0	0	0	0	0	0	0	0	0	1110	813	2187	616	265	230	249	251	236	255	234	244	234	219	245	246
14604	14606	16661	16879	17000	17020	17035	0	12825	12774	12821	0	17069	0	0	17045	16891	16979	16978	16982	16921	12780	12743	12775	14373	16848	16825	16802	13663	13598	13640	13662	15281	15142	17758	17579	17581	17554	17540	0	13433	13829	13202	0	0	0	0	0	17542	17502	17415	17360	17498	13312	13823	13459	14892	17569	17531	17786	15280	15161	15262	15196	0	0	0	0	0	0	0	0	0	0	0	0	0	0	0	0	0	0	0	0	0	0	0	0	0	0	0	0	0	0	0	0	1283	721	1864	1419	266	230	249	251	236	255	234	245	234	219	245	246
15414	15424	17812	0	0	0	0	0	13582	0	0	0	0	0	0	0	0	0	0	0	0	0	0	13565	0	0	0	0	14464	14400	14435	14485	15942	15758	18416	0	0	0	0	0	14252	0	0	0	0	0	0	0	0	0	0	0	0	0	0	14179	0	0	0	0	16084	15960	16538	15940	0	0	0	0	0	0	0	0	0	0	0	0	0	0	0	0	0	0	0	0	0	0	0	0	0	0	0	0	0	0	0	0	1813	773	1624	1151	266	230	249	251	236	255	234	245	234	218	246	246
13665	13642	13636	13729	13786	13780	13771	13754	13707	13676	13680	13657	13674	13642	13640	13694	13722	13674	13660	13660	13632	13660	13644	13682	13741	13879	13869	13855	14580	14486	14542	14573	14666	14914	14599	14652	14674	14670	14666	14670	14624	15204	14366	15182	14412	15426	14742	14319	14375	14754	15353	14402	15145	14381	15144	14599	14780	14618	14599	14592	16192	16045	16039	16037	0	0	0	0	0	0	0	0	0	0	0	0	0	0	0	0	0	0	0	0	0	0	0	0	0	0	0	0	0	0	0	0	1285	1031	1204	955	266	230	249	251	236	255	233	244	234	219	246	246
14628	16651	16874	16891	0	0	0	0	12778	0	0	0	0	0	0	0	16885	16915	16958	16959	16886	16883	12758	12736	12766	16840	16818	14635	13657	13572	13632	13640	15199	17802	17788	17538	0	0	0	0	13927	0	0	0	0	0	0	0	17538	17533	17508	17505	17520	17532	13324	13971	13342	17766	17767	15184	15275	15133	15125	15101	0	0	0	0	0	0	0	0	0	0	0	0	0	0	0	0	0	0	0	0	0	0	0	0	0	0	0	0	0	0	0	0	1476	815	934	1468	266	230	249	251	236	255	233	245	233	218	246	245
14767	14768	16959	17264	0	0	0	0	12981	12945	0	0	0	0	0	0	19832	0	0	0	19834	19842	12915	12939	16976	17267	17251	17202	13824	13777	13824	13836	15312	15296	18161	17839	0	0	0	0	13881	13995	0	0	0	0	0	0	20374	0	0	0	0	0	13983	13867	17880	17826	17804	17817	15441	15338	15310	15299	0	0	0	0	0	0	0	0	0	0	0	0	0	0	0	0	0	0	0	0	0	0	0	0	0	0	0	0	0	0	0	0	1807	785	1086	1282	265	230	248	251	236	255	234	245	234	219	246	245
17753	17792	17939	0	0	0	0	13658	13660	13710	0	0	0	0	0	0	17879	0	0	0	0	0	13646	13622	13652	17884	17878	17849	14550	14452	14512	14540	18839	18565	18525	0	0	0	0	14301	15224	14353	0	0	0	0	0	0	18412	0	0	0	0	0	14400	15218	14402	18439	18418	18422	16161	16013	16009	16003	0	0	0	0	0	0	0	0	0	0	0	0	0	0	0	0	0	0	0	0	0	0	0	0	0	0	0	0	0	0	0	0	1377	921	1167	1187	266	230	249	251	236	255	234	245	233	218	246	245
14786	14794	14795	15337	17600	17615	17623	13519	13534	13554	17661	17636	17640	17631	17616	17596	15093	17537	17529	17524	17512	17518	13516	13500	13523	15081	15087	15050	14397	14350	14393	14406	16186	16175	15943	15654	18579	18475	18416	14088	14933	14147	18326	18318	18331	18319	18310	18464	15609	18597	18574	18573	18579	18574	14282	14909	14124	15989	15970	15989	16103	15899	15881	15974	0	0	0	0	0	0	0	0	0	0	0	0	0	0	0	0	0	0	0	0	0	0	0	0	0	0	0	0	0	0	0	0	2103	855	1085	2418	267	230	249	250	236	255	234	244	233	218	246	245
17800	18179	18191	20463	0	0	0	13488	13488	13474	13523	0	0	0	0	0	20397	20457	0	0	0	13481	13446	13454	13485	20423	20406	18115	14357	14303	14343	14373	18894	18867	18743	0	0	0	0	14044	14826	14670	14044	0	0	0	0	0	0	0	0	0	0	14044	14689	14834	14080	0	0	18662	15972	15860	15834	15829	0	0	0	0	0	0	0	0	0	0	0	0	0	0	0	0	0	0	0	0	0	0	0	0	0	0	0	0	0	0	0	0	1628	690	1185	1067	266	230	249	251	236	255	234	244	233	219	246	246
14946	15492	15489	17985	0	0	0	13665	13708	13702	0	13802	13695	13683	13715	0	0	13707	13642	13635	13714	0	13680	13672	13698	0	0	0	14592	14505	14557	14585	16031	16017	15980	18376	0	0	0	14239	15011	14400	0	14255	14660	14812	14295	0	0	14276	14698	14624	14243	0	14398	14971	14305	0	0	0	16205	16059	16046	16183	0	0	0	0	0	0	0	0	0	0	0	0	0	0	0	0	0	0	0	0	0	0	0	0	0	0	0	0	0	0	0	0	1218	1432	1190	1109	266	230	249	251	236	255	234	245	234	219	246	246
17536	17561	17790	20353	0	0	0	13494	13513	13492	13511	0	0	0	0	0	20416	20460	0	0	20447	13485	13467	13474	13510	20327	20143	17821	14389	14325	14371	14397	18773	18770	18755	0	0	0	0	14097	14895	14949	14125	0	0	0	0	0	0	0	0	0	0	14135	14987	14899	14147	0	0	18339	16005	15881	15860	15854	0	0	0	0	0	0	0	0	0	0	0	0	0	0	0	0	0	0	0	0	0	0	0	0	0	0	0	0	0	0	0	0	1220	980	1031	1198	266	230	249	250	236	255	234	244	233	219	245	246
13251	13232	19961	20251	20306	0	0	13288	13292	13323	0	0	0	13656	13638	13251	13233	13312	0	0	20226	20243	13288	13261	13295	20232	20219	20178	14175	14097	14135	14178	13934	14044	0	0	0	0	0	13879	14509	13926	0	0	0	13928	14090	14322	14388	13835	0	0	0	0	13894	14530	14034	0	0	0	15785	15656	15635	15631	0	0	0	0	0	0	0	0	0	0	0	0	0	0	0	0	0	0	0	0	0	0	0	0	0	0	0	0	0	0	0	0	1196	765	1322	1116	265	230	249	251	236	255	234	244	233	218	246	246
14851	14863	17055	17457	19994	0	0	13008	13034	13037	0	0	0	0	0	0	0	0	0	0	0	0	13024	13008	13047	0	0	19924	13914	13851	13891	13925	15363	15220	18275	17914	0	0	0	13588	14304	13837	0	0	0	0	0	0	0	0	0	0	0	0	13790	14271	13656	0	0	0	15531	15408	15390	15381	0	0	0	0	0	0	0	0	0	0	0	0	0	0	0	0	0	0	0	0	0	0	0	0	0	0	0	0	0	0	0	0	1442	871	1072	1217	266	230	249	251	236	255	234	244	233	219	245	246
15066	17262	17262	20055	20190	0	0	0	13279	13231	13239	0	0	0	0	0	20143	0	0	0	0	13223	13199	13240	17509	20043	20023	17540	14125	14052	14095	14134	15481	18479	18457	0	0	0	0	0	13915	14712	13894	0	0	0	0	0	0	0	0	0	0	13934	14735	13922	18152	0	0	18081	15816	15610	15592	15592	0	0	0	0	0	0	0	0	0	0	0	0	0	0	0	0	0	0	0	0	0	0	0	0	0	0	0	0	0	0	0	0	2237	916	1066	1137	266	230	249	251	236	255	233	245	233	219	246	246
15003	15009	17281	17606	20172	20182	20196	20228	13219	13188	13188	0	0	0	0	0	0	0	0	0	0	13195	13172	13201	17573	20135	20123	20083	14095	14014	14052	14103	15544	15538	18430	17836	0	0	0	0	14168	14562	13831	0	0	0	0	0	0	0	0	0	0	13823	14551	13907	18085	0	0	0	15757	15574	15555	15564	0	0	0	0	0	0	0	0	0	0	0	0	0	0	0	0	0	0	0	0	0	0	0	0	0	0	0	0	0	0	0	0	1293	1147	1393	1155	266	230	249	251	237	255	234	245	233	219	246	246
14623	14628	16846	19769	19790	0	0	0	12813	0	0	0	0	0	0	0	0	0	0	0	0	0	0	12786	17216	19785	19769	19733	13705	13630	13674	13706	15162	15138	18037	20336	20323	0	0	0	13712	0	0	0	0	0	0	0	0	0	0	0	0	0	0	13694	17744	20297	20285	20308	15325	15194	15168	15272	0	0	0	0	0	0	0	0	0	0	0	0	0	0	0	0	0	0	0	0	0	0	0	0	0	0	0	0	0	0	0	0	1477	742	973	1240	266	230	249	251	236	255	234	245	233	219	245	246
17927	17981	18024	0	0	0	0	0	13699	13679	0	0	0	0	0	0	0	0	0	0	0	0	13644	13654	17869	0	0	20275	14554	14477	14505	14561	18918	18883	18551	0	0	0	0	0	14432	14412	0	0	0	0	0	0	0	0	0	0	0	0	14425	14436	18572	0	0	0	16241	16035	16138	16021	0	0	0	0	0	0	0	0	0	0	0	0	0	0	0	0	0	0	0	0	0	0	0	0	0	0	0	0	0	0	0	0	1340	783	1745	1175	266	230	249	251	236	255	234	244	233	219	245	245
14493	14498	14506	14514	14873	14881	14887	13404	13444	13459	14923	13418	13408	13418	17500	14911	17422	17442	13422	13393	13416	17417	13430	13408	13430	17403	17383	17352	14315	14244	14277	14315	15922	15859	15848	15818	15814	15377	15384	14196	14779	14061	15185	14127	15121	14123	18275	15167	18325	18236	14156	15087	14145	18227	14149	14767	14358	18525	18515	18732	15935	15797	15919	15891	0	0	0	0	0	0	0	0	0	0	0	0	0	0	0	0	0	0	0	0	0	0	0	0	0	0	0	0	0	0	0	0	1308	1440	2804	2678	267	230	249	251	236	255	234	245	233	219	246	246
14694	14696	17035	19711	19763	19801	19816	17638	12857	0	0	0	0	0	0	0	19790	0	0	0	0	0	0	12839	17192	19713	19699	19484	13732	13678	13705	13749	15212	15184	18150	20362	20358	20338	20219	18021	13372	0	0	0	0	0	0	0	20355	0	0	0	0	0	0	13372	17777	20374	20357	0	15352	15241	15213	15208	0	0	0	0	0	0	0	0	0	0	0	0	0	0	0	0	0	0	0	0	0	0	0	0	0	0	0	0	0	0	0	0	1525	842	1214	1171	266	230	249	251	236	255	234	245	234	219	246	245
13575	13594	13556	13560	13545	13626	13604	13579	13621	13635	13609	13593	13680	13678	13626	13607	13567	13567	13660	13661	13584	13586	13638	13652	13641	13644	13656	13619	14507	14454	14476	14520	16223	14204	14684	14501	14871	14609	14379	15360	14780	14363	15214	15086	14568	14614	14643	14645	14664	14668	14189	14340	14708	15299	14327	14814	15358	14546	14669	14885	17371	16010	16125	16155	0	0	0	0	0	0	0	0	0	0	0	0	0	0	0	0	0	0	0	0	0	0	0	0	0	0	0	0	0	0	0	0	2207	1231	1595	1354	265	230	249	251	236	255	234	244	234	218	245	246
14720	14732	14730	17495	17522	17675	17678	17558	13531	13490	13498	17829	17553	20407	17550	17537	17754	0	0	0	0	13497	13462	13501	17610	17746	17733	17677	14384	14324	14377	14385	15946	15882	15836	18731	18411	18381	18367	18542	14142	14614	14074	18377	18363	0	18351	18356	18110	0	0	0	0	14073	14569	14116	18506	18244	18266	18420	16003	15881	15865	15850	0	0	0	0	0	0	0	0	0	0	0	0	0	0	0	0	0	0	0	0	0	0	0	0	0	0	0	0	0	0	0	0	1334	732	930	1565	266	230	249	251	236	255	234	245	234	219	246	245
14066	14432	14608	16893	16895	16917	16917	16910	12837	12814	17067	0	16926	17069	17063	16897	16935	16973	16997	16990	16946	16949	12774	12789	14355	14733	14724	14676	13710	13617	13686	13693	15330	15313	15157	17711	17626	17593	17581	17604	13750	14622	17557	0	17596	0	17522	17577	17590	17583	17559	17553	17563	17567	14613	13726	14973	15025	17836	15248	15327	15178	15183	15228	0	0	0	0	0	0	0	0	0	0	0	0	0	0	0	0	0	0	0	0	0	0	0	0	0	0	0	0	0	0	0	0	1220	1030	852	1591	266	230	248	251	236	255	234	245	233	219	246	245
14293	14847	14851	17135	17299	17324	17342	17381	13077	13039	13062	0	19963	0	0	19950	17257	0	0	0	0	13045	13018	13043	17124	17246	17234	17093	13929	13880	13899	13939	15403	15389	15355	17886	17870	17855	20365	17880	14038	14357	13621	0	20379	0	0	20377	17959	0	0	0	0	13625	14342	13975	18026	17969	17890	17977	15638	15432	16672	15506	0	0	0	0	0	0	0	0	0	0	0	0	0	0	0	0	0	0	0	0	0	0	0	0	0	0	0	0	0	0	0	0	1752	736	2611	1466	266	230	249	251	236	255	233	245	234	219	246	246
14969	15114	15114	17359	17375	17411	17403	13283	13326	13330	17579	0	13454	13363	13304	13287	13267	13277	13341	17534	17497	17505	13300	13289	13305	17487	17466	17231	14218	14128	14175	14202	15799	15686	15660	18230	18189	18165	18175	13981	14704	13983	18101	0	13866	13949	14297	14626	14632	14331	13870	18035	18059	18063	13981	14708	14081	18086	18075	18330	15821	15677	15818	15822	0	0	0	0	0	0	0	0	0	0	0	0	0	0	0	0	0	0	0	0	0	0	0	0	0	0	0	0	0	0	0	0	1289	975	2034	1618	267	230	249	250	236	255	234	245	233	219	245	246
15056	15059	17407	0	0	0	0	0	13232	13215	13248	0	0	0	0	0	0	0	0	0	0	13242	13199	13203	20145	0	0	0	14113	14034	14082	14127	15536	18212	18052	0	0	0	0	0	14392	14465	13798	0	0	0	0	0	0	0	0	0	0	13791	14434	14340	0	0	0	0	15727	15590	15577	15712	0	0	0	0	0	0	0	0	0	0	0	0	0	0	0	0	0	0	0	0	0	0	0	0	0	0	0	0	0	0	0	0	1143	1385	1188	1017	266	230	249	251	236	255	234	245	234	219	246	245
16946	0	0	0	0	0	0	12752	12772	12754	12782	0	0	0	0	0	0	0	0	0	0	12778	12735	12747	12785	0	0	0	13658	13576	13612	13666	17613	0	0	0	0	0	0	13280	13811	13786	13309	0	0	0	0	0	0	0	0	0	0	13295	13776	13802	13338	0	0	0	15271	15149	15109	15124	0	0	0	0	0	0	0	0	0	0	0	0	0	0	0	0	0	0	0	0	0	0	0	0	0	0	0	0	0	0	0	0	1058	921	1607	827	265	230	248	251	236	255	233	245	233	219	246	245
14329	14336	14439	14474	14889	17249	17260	15285	13273	13229	13267	17275	17282	17272	17262	17249	17336	17385	17397	17369	17350	13253	13201	13242	14773	17249	15116	15088	14118	14057	14114	14108	15850	15852	15838	15575	18479	18297	18205	15826	14480	14936	13943	18153	18134	18120	18128	18276	18206	17969	17951	17945	17962	13947	14891	14481	15376	18320	15602	15658	15814	15618	15594	15683	0	0	0	0	0	0	0	0	0	0	0	0	0	0	0	0	0	0	0	0	0	0	0	0	0	0	0	0	0	0	0	0	1690	1008	1040	2419	267	230	249	251	236	255	234	244	234	219	246	246
14203	14760	14751	17332	17347	0	0	12911	12939	12959	0	0	0	0	0	0	0	0	0	0	0	0	12957	12923	12958	19905	0	19826	13826	13765	13792	13838	14555	15271	15068	17851	17811	0	0	13527	14138	13551	0	0	0	0	0	0	0	0	0	0	0	0	13551	14147	13639	0	0	20415	15523	15327	15302	15291	0	0	0	0	0	0	0	0	0	0	0	0	0	0	0	0	0	0	0	0	0	0	0	0	0	0	0	0	0	0	0	0	1504	822	1121	1056	266	230	249	251	236	255	234	245	233	219	245	245
15287	15296	17571	0	0	0	0	0	13470	0	0	0	0	0	0	0	0	0	0	0	0	0	0	13446	0	0	0	0	14354	14297	14330	14373	15846	15822	18317	0	0	0	0	0	14158	0	0	0	0	0	0	0	0	0	0	0	0	0	0	14084	0	0	0	0	15972	15858	15836	15836	0	0	0	0	0	0	0	0	0	0	0	0	0	0	0	0	0	0	0	0	0	0	0	0	0	0	0	0	0	0	0	0	1344	745	995	1106	266	230	249	252	236	255	234	245	233	219	245	246
14782	15333	15327	17843	17999	0	0	18315	13590	13527	13558	0	0	0	0	0	17911	0	0	0	20460	13547	13500	13564	17904	17911	17896	17870	14422	14343	14386	14428	15249	15878	15854	18507	0	0	0	18758	14127	14499	14090	0	0	0	0	0	18438	0	0	0	0	14084	14468	14104	18488	18448	18429	18427	16037	15900	15883	15885	0	0	0	0	0	0	0	0	0	0	0	0	0	0	0	0	0	0	0	0	0	0	0	0	0	0	0	0	0	0	0	0	1448	898	1251	1240	266	230	249	251	236	255	234	244	233	219	245	246
15043	15066	17251	20049	20179	0	0	13208	13223	13206	13269	0	0	0	0	0	20139	0	0	0	0	13242	13187	13197	13230	20155	20147	20106	14094	14028	14067	14112	15538	18353	18142	0	0	0	0	13786	14433	14295	13677	0	0	0	0	0	0	0	0	0	0	13774	14278	14442	13856	0	0	0	15790	15583	15711	15567	0	0	0	0	0	0	0	0	0	0	0	0	0	0	0	0	0	0	0	0	0	0	0	0	0	0	0	0	0	0	0	0	3008	1073	1387	1022	266	230	249	250	236	255	233	245	233	219	245	245
15013	15569	15565	17843	18010	18055	18064	18091	13822	13770	13806	0	0	0	0	0	17995	0	0	0	0	13796	13735	13786	17856	17970	17959	17917	14657	14595	14639	14655	16128	16119	16100	18645	18613	18605	18605	18915	14396	14714	14319	0	0	0	0	0	18701	0	0	0	0	14315	14698	14383	18759	18527	18517	18699	16280	16157	16127	16968	0	0	0	0	0	0	0	0	0	0	0	0	0	0	0	0	0	0	0	0	0	0	0	0	0	0	0	0	0	0	0	0	1515	789	1365	1610	267	230	249	251	236	255	233	245	234	219	246	246
15294	15292	20287	0	0	0	0	0	0	13456	0	0	0	0	0	0	0	0	0	0	0	0	13448	0	20378	0	0	20430	14347	14294	14336	14359	15808	15791	0	0	0	0	0	0	0	13945	0	0	0	0	0	0	0	0	0	0	0	0	13786	0	0	0	0	0	16025	15852	15824	15818	0	0	0	0	0	0	0	0	0	0	0	0	0	0	0	0	0	0	0	0	0	0	0	0	0	0	0	0	0	0	0	0	1506	830	953	1028	266	230	248	251	236	255	233	245	233	219	246	246
15511	17746	17768	17904	17953	17963	0	0	13708	13669	13698	0	0	0	13664	13617	13638	13664	17888	17878	17872	13666	13631	13660	15897	17762	17778	17725	14551	14476	14538	14546	15973	18973	18944	18496	18494	18471	0	0	14530	14991	14291	0	0	0	14306	15216	15250	14368	18411	18407	18423	14363	14999	14537	16193	18768	18752	18745	16172	16034	16033	16124	0	0	0	0	0	0	0	0	0	0	0	0	0	0	0	0	0	0	0	0	0	0	0	0	0	0	0	0	0	0	0	0	1215	1415	1055	1422	266	230	249	251	236	255	234	244	234	219	245	246
14608	14606	16834	19615	19625	0	0	19623	12817	12774	12771	0	0	0	0	0	17154	0	0	0	0	12755	12744	12780	17015	17158	17148	17118	13674	13590	13637	13686	15137	15121	18021	20295	20293	0	0	19920	13466	14284	13504	0	0	0	0	0	17544	0	0	0	0	13527	14334	13461	17731	17682	17656	17666	15289	15144	15262	15146	0	0	0	0	0	0	0	0	0	0	0	0	0	0	0	0	0	0	0	0	0	0	0	0	0	0	0	0	0	0	0	0	1459	902	1614	1185	266	230	249	251	236	254	234	244	234	219	245	246
16990	17324	17367	19944	0	0	0	13043	13074	13077	0	0	0	0	0	0	0	0	0	0	0	0	13062	13047	13080	20023	20023	19978	13953	13892	13924	13970	18376	18339	18028	0	0	0	0	13570	14027	13625	0	0	0	0	0	0	0	0	0	0	0	0	13607	13997	13629	0	20409	0	15573	15455	15430	15428	0	0	0	0	0	0	0	0	0	0	0	0	0	0	0	0	0	0	0	0	0	0	0	0	0	0	0	0	0	0	0	0	1556	899	1172	883	266	230	249	251	236	255	233	245	234	219	246	246
14751	14763	14764	17387	17585	17588	17589	15580	17646	13540	17619	17600	17602	17590	17584	17571	17650	17685	17688	17672	17657	17669	13506	17676	15093	15459	15432	15404	14447	14362	14417	14425	16153	16142	16127	18782	18750	18590	18739	16118	18662	14434	18617	18612	18448	18424	18618	18758	18550	18532	18538	18550	18299	18323	14412	18513	15712	15912	15987	15991	16067	15920	15907	16023	0	0	0	0	0	0	0	0	0	0	0	0	0	0	0	0	0	0	0	0	0	0	0	0	0	0	0	0	0	0	0	0	1334	886	905	2160	267	230	248	251	236	255	234	244	234	219	245	246
14958	14969	15352	17590	17834	17878	17894	17829	13740	13740	17991	17971	17790	17983	17796	17779	17847	17955	17963	17950	17856	17862	13722	13710	15278	17826	17805	17647	14614	14543	14582	14618	16326	16311	16075	18914	18926	18612	18570	18941	14747	14493	18534	18550	18562	18521	18518	18735	18538	18509	18363	18481	18498	18505	14495	14746	15897	18745	18739	18772	16301	16100	16241	16220	0	0	0	0	0	0	0	0	0	0	0	0	0	0	0	0	0	0	0	0	0	0	0	0	0	0	0	0	0	0	0	0	1652	1056	2081	1843	267	230	248	250	235	255	234	245	233	218	246	245
14562	14577	15108	17354	17538	17734	17730	17738	13374	13324	13342	0	20213	20359	20203	17838	20351	0	0	0	0	13350	13296	13364	17755	20343	20329	17735	14224	14142	14188	14226	15923	15011	15669	18664	18662	18662	18669	18693	14042	14647	13987	0	0	0	0	18561	0	0	0	0	0	13965	14601	14006	18352	0	0	18258	15844	15700	15769	15809	0	0	0	0	0	0	0	0	0	0	0	0	0	0	0	0	0	0	0	0	0	0	0	0	0	0	0	0	0	0	0	0	1437	997	1675	1580	266	230	249	251	237	255	234	245	233	219	245	246
14142	14694	14692	16967	17051	17148	17163	17196	12919	12893	12906	19780	17180	19790	19782	19759	17096	17114	19742	19732	17103	12895	12861	12882	16964	17085	17073	17015	13780	13710	13772	13776	15255	15246	15229	18167	17730	17721	17721	18161	13702	13969	13466	20317	17686	20319	20311	20308	17816	17509	20129	20253	17392	13463	13959	13669	17872	17841	17818	17915	15400	15272	15261	15363	0	0	0	0	0	0	0	0	0	0	0	0	0	0	0	0	0	0	0	0	0	0	0	0	0	0	0	0	0	0	0	0	1540	911	1056	1548	267	230	249	251	236	255	234	245	234	219	246	246
15308	17524	17803	20349	0	0	0	13450	13454	13441	13523	0	0	0	0	0	20376	0	0	0	0	13481	13422	13426	13467	20323	20274	17780	14328	14271	14303	14352	15746	18731	18435	0	0	0	0	14057	14697	14526	14058	0	0	0	0	0	0	0	0	0	0	14076	14503	14697	14129	0	0	18229	15940	15828	15944	15801	0	0	0	0	0	0	0	0	0	0	0	0	0	0	0	0	0	0	0	0	0	0	0	0	0	0	0	0	0	0	0	0	1627	885	2103	1068	266	230	249	251	236	255	234	245	233	219	246	245
14715	14723	14714	15250	17501	17504	17509	13430	13471	13463	13512	17526	17527	17518	17516	17501	17598	0	0	0	17600	13477	13441	13430	13458	15370	15348	15320	14355	14290	14338	14346	16078	16071	14995	15865	18359	18353	18351	14127	15712	14357	14069	18371	18378	18267	18343	18459	18343	0	0	0	18059	14052	14348	15717	14202	15877	15885	15895	15980	15846	15814	15919	0	0	0	0	0	0	0	0	0	0	0	0	0	0	0	0	0	0	0	0	0	0	0	0	0	0	0	0	0	0	0	0	1431	744	1322	1802	267	230	249	251	236	255	234	244	234	219	246	246
14796	14798	14798	17579	17790	17836	13506	13500	13565	13592	13530	13511	13556	20467	20464	20453	20408	0	0	13542	13496	13506	13565	13531	13517	13526	20385	17896	14428	14360	14406	14428	15907	15907	15881	18650	18359	18351	14127	14732	14214	14168	14437	14581	14134	0	0	0	0	0	0	14103	14580	14426	14073	14138	14805	14149	0	18343	16047	15914	16019	15887	0	0	0	0	0	0	0	0	0	0	0	0	0	0	0	0	0	0	0	0	0	0	0	0	0	0	0	0	0	0	0	0	2547	780	1758	1396	266	230	249	251	236	256	234	245	233	219	246	246
14965	17206	17378	20163	0	0	0	0	13138	0	0	0	0	0	0	0	0	0	0	0	0	0	0	13118	20043	20131	20125	20090	14026	13947	13977	14034	15484	17979	17935	0	0	0	0	0	13666	0	0	0	0	0	0	0	0	0	0	0	0	0	0	13650	0	0	0	0	15638	15507	15607	15488	0	0	0	0	0	0	0	0	0	0	0	0	0	0	0	0	0	0	0	0	0	0	0	0	0	0	0	0	0	0	0	0	1116	782	1531	970	266	230	249	251	236	255	234	244	234	218	245	246
15556	15559	18039	0	0	0	0	13692	13731	13733	0	0	0	0	0	0	0	0	0	0	0	0	13707	13702	13721	0	0	0	14616	14549	14577	14633	16043	15854	18945	0	0	0	0	14287	15074	14340	0	0	0	0	0	0	0	0	0	0	0	0	14342	15041	14384	0	0	0	16232	16105	16078	16094	0	0	0	0	0	0	0	0	0	0	0	0	0	0	0	0	0	0	0	0	0	0	0	0	0	0	0	0	0	0	0	0	945	836	1157	1018	266	230	249	250	235	255	233	244	234	218	246	246
17827	0	0	0	0	0	0	0	13580	13546	13542	0	0	0	0	0	0	0	0	0	0	13532	13519	13547	0	0	0	0	14454	14377	14413	14456	18366	0	0	0	0	0	0	0	14260	15468	14221	0	0	0	0	0	0	0	0	0	0	14237	15457	14263	0	0	0	0	16068	15936	16013	15914	0	0	0	0	0	0	0	0	0	0	0	0	0	0	0	0	0	0	0	0	0	0	0	0	0	0	0	0	0	0	0	0	937	832	1291	987	266	230	249	251	237	255	234	244	234	219	245	246
14647	14650	14651	15169	15173	17550	17512	15502	13482	17691	17688	17518	17500	17493	17481	17463	17647	0	0	0	0	17669	17672	13458	15010	17557	17523	17504	14350	14290	14333	14343	16046	16043	16005	15700	15560	18468	18381	15971	14022	18351	18299	18351	18252	18245	18325	18511	18219	0	0	0	0	18154	18132	13973	15608	18229	18218	18209	16049	15844	15818	15941	0	0	0	0	0	0	0	0	0	0	0	0	0	0	0	0	0	0	0	0	0	0	0	0	0	0	0	0	0	0	0	0	1813	824	852	1930	267	230	249	251	236	255	234	245	233	219	245	246
14662	14659	17163	0	0	0	0	0	12845	12826	0	0	0	0	0	0	0	0	0	0	0	0	12806	12817	17128	0	0	19752	13714	13648	13678	13736	15145	15085	17795	0	0	0	0	0	13631	13632	0	0	0	0	0	0	0	0	0	0	0	0	13609	13619	17745	0	0	20290	15335	15207	15179	15192	0	0	0	0	0	0	0	0	0	0	0	0	0	0	0	0	0	0	0	0	0	0	0	0	0	0	0	0	0	0	0	0	1267	780	1041	913	266	230	249	251	236	255	234	245	233	219	246	245
14183	14200	14198	15034	17023	17043	17050	15013	13035	12993	12985	13115	17061	17047	17043	17029	17192	17284	0	0	13088	12987	12971	13018	17145	17153	17122	16940	13869	13824	13869	13882	15624	15594	15579	15482	18209	18185	18204	15544	13700	14383	13865	13489	17910	17902	17896	18204	17834	17772	0	0	13512	13882	14316	13664	18018	17838	17821	18083	15558	15382	15353	15466	0	0	0	0	0	0	0	0	0	0	0	0	0	0	0	0	0	0	0	0	0	0	0	0	0	0	0	0	0	0	0	0	3576	801	1107	2071	267	230	249	250	236	255	234	244	234	219	245	246
15220	15227	15225	20353	13359	13338	13351	13448	13422	13402	0	0	0	0	0	0	0	0	0	0	0	0	13393	13402	20233	13407	13382	13386	14307	14238	14273	14316	15744	15736	18616	0	14035	14943	14156	13937	14454	14415	0	0	0	0	0	0	0	0	0	0	0	0	14366	14437	0	14189	14938	14075	15915	15789	15955	15764	0	0	0	0	0	0	0	0	0	0	0	0	0	0	0	0	0	0	0	0	0	0	0	0	0	0	0	0	0	0	0	0	1135	894	1141	1047	265	230	249	251	236	255	233	245	233	219	246	246
0	0	0	0	0	0	0	12898	12921	12928	0	0	0	0	0	0	0	0	0	0	0	0	12932	12901	12950	0	0	0	13800	13734	13788	13850	0	0	0	0	0	0	0	13458	14175	13576	0	0	0	0	0	0	0	0	0	0	0	0	13542	14143	13542	0	0	0	15475	15290	15338	15310	0	0	0	0	0	0	0	0	0	0	0	0	0	0	0	0	0	0	0	0	0	0	0	0	0	0	0	0	0	0	0	0	1497	873	1025	258	265	230	248	250	236	255	234	245	233	219	246	246
15239	17702	0	0	0	0	0	0	13401	0	0	0	0	0	0	0	0	0	0	0	0	0	0	13378	20369	0	0	0	14293	14215	14246	14309	18253	18174	0	0	0	0	0	0	14070	0	0	0	0	0	0	0	0	0	0	0	0	0	0	14019	0	0	0	0	16003	15772	15907	15762	0	0	0	0	0	0	0	0	0	0	0	0	0	0	0	0	0	0	0	0	0	0	0	0	0	0	0	0	0	0	0	0	1415	1095	2643	831	266	230	248	251	237	255	234	245	234	218	245	246
15123	15131	15131	17401	20265	0	0	13305	13309	13373	0	0	0	0	0	0	20209	0	0	0	20197	20207	13342	13283	13330	17721	20182	17680	14198	14111	14172	14199	15675	15669	15580	18253	0	0	0	13859	14430	13957	0	0	0	0	0	0	0	0	0	0	0	0	13943	14415	13922	0	0	18203	15809	15666	15665	15662	0	0	0	0	0	0	0	0	0	0	0	0	0	0	0	0	0	0	0	0	0	0	0	0	0	0	0	0	0	0	0	0	1267	1487	1214	1295	266	230	249	251	236	254	234	244	233	219	245	246
17571	20217	20393	0	0	0	0	13337	13370	13376	0	0	0	0	0	0	0	0	0	0	0	0	13363	13347	13375	0	0	0	14251	14193	14222	14271	18651	0	0	0	0	0	0	13947	14847	13998	0	0	0	0	0	0	0	0	0	0	0	0	14028	14794	14046	0	0	0	15861	15753	15718	15719	0	0	0	0	0	0	0	0	0	0	0	0	0	0	0	0	0	0	0	0	0	0	0	0	0	0	0	0	0	0	0	0	1438	791	1159	826	265	230	249	251	236	255	234	245	234	219	246	246
13885	13891	13905	13926	13935	14271	14274	12798	12831	12833	16918	16894	16890	16880	16871	16858	16767	16842	16831	16815	16763	16752	12793	12786	12809	13835	14069	13806	13704	13625	13682	13686	15255	15247	15233	15197	15132	14727	14597	13387	14061	13436	17677	17669	17675	17660	17652	18071	17775	17623	17615	17685	17611	17613	13406	14059	13427	15215	15196	15193	15408	15186	15175	15261	0	0	0	0	0	0	0	0	0	0	0	0	0	0	0	0	0	0	0	0	0	0	0	0	0	0	0	0	0	0	0	0	1691	768	991	2644	267	230	248	251	236	255	234	244	233	218	245	246
17272	0	0	0	0	0	0	0	0	0	12999	12907	12920	12932	0	0	0	0	12939	12908	12913	13024	0	0	0	0	0	0	13833	13768	13794	13856	20235	0	0	0	0	0	0	0	0	0	13538	13792	14537	13538	0	0	0	0	13542	14475	13838	13535	0	0	0	0	0	0	15446	15329	15442	15311	0	0	0	0	0	0	0	0	0	0	0	0	0	0	0	0	0	0	0	0	0	0	0	0	0	0	0	0	0	0	0	0	1522	1130	1930	647	266	230	249	251	236	255	234	245	233	219	246	246
14711	14715	15264	17485	17632	17646	13485	13434	13529	17711	17694	13481	13467	13459	13521	17673	17921	13531	13451	13431	13469	0	17627	13513	13471	13506	17595	17561	14369	14275	14331	14375	16055	15834	15820	18695	18518	18513	14097	14597	14153	18556	18538	14080	14631	14460	14084	18518	18331	14083	14417	14595	14071	0	17894	14112	14703	14142	18444	18446	16060	16363	15822	15943	0	0	0	0	0	0	0	0	0	0	0	0	0	0	0	0	0	0	0	0	0	0	0	0	0	0	0	0	0	0	0	0	2051	2079	1297	1560	267	230	249	251	236	255	234	245	233	219	246	246
14803	17233	17236	19839	0	0	0	12971	12989	12979	0	0	0	0	0	0	0	0	0	0	0	0	12967	12969	13008	19938	19926	19897	13875	13804	13833	13889	15267	18158	17953	20442	0	0	0	13529	14082	13788	0	0	0	0	0	0	0	0	0	0	0	0	13735	14061	13596	20319	20401	20445	15564	15362	15335	15352	0	0	0	0	0	0	0	0	0	0	0	0	0	0	0	0	0	0	0	0	0	0	0	0	0	0	0	0	0	0	0	0	1871	783	1388	916	266	230	249	251	236	256	234	245	234	219	245	245
12965	12939	12973	12943	12927	12929	12919	12919	12971	12959	12995	12932	12971	13028	12995	12963	12948	12981	12993	12971	12963	12967	12959	12977	12987	12969	12947	12934	13879	13800	13808	13881	14226	14744	14155	14134	14554	14342	15670	16303	16247	15363	14327	15054	14146	14173	14113	15089	15041	14153	14370	14215	15017	14482	15571	16201	16377	15643	14406	14605	15495	15376	15449	15338	0	0	0	0	0	0	0	0	0	0	0	0	0	0	0	0	0	0	0	0	0	0	0	0	0	0	0	0	0	0	0	0	1533	1052	2360	1542	266	230	249	250	236	255	234	245	233	219	245	245
15556	15564	17732	18089	0	0	0	18461	0	13760	13716	13715	0	0	0	0	0	0	0	0	13708	13699	13723	0	18077	18134	18122	18087	14616	14557	14588	14636	16103	16090	19032	18660	0	0	0	0	0	14313	14808	14363	0	0	0	0	0	0	0	0	14272	14787	14301	0	18699	18572	18465	18632	16300	16117	16090	16089	0	0	0	0	0	0	0	0	0	0	0	0	0	0	0	0	0	0	0	0	0	0	0	0	0	0	0	0	0	0	0	0	2490	853	1257	1369	266	230	249	251	236	255	234	244	233	219	245	245
14061	14074	14082	16925	17031	17092	17095	17125	12888	12825	12851	17165	17152	17163	17135	17055	19742	19765	0	0	19733	12861	12809	12881	17010	19746	19723	17047	13722	13658	13686	13736	15360	15188	15171	18180	17898	17780	17779	18098	13483	13873	13398	17742	17765	17577	17671	17736	20323	20284	0	0	20289	13387	13854	13456	17814	20316	20297	17681	15346	15224	15188	15198	0	0	0	0	0	0	0	0	0	0	0	0	0	0	0	0	0	0	0	0	0	0	0	0	0	0	0	0	0	0	0	0	1355	844	1440	1698	267	230	249	251	236	255	234	245	233	219	246	246
14930	14952	17079	17238	17390	17414	0	13112	13146	13121	13123	0	0	13100	13089	13112	13131	13101	13097	0	0	13112	13090	13107	13134	17347	17338	17302	14022	13942	13995	14010	15485	15447	18318	17965	17963	17921	0	13743	14429	14656	13794	0	0	14095	14509	13673	13822	14517	14348	0	0	13819	14674	14370	13859	17865	17845	18032	15634	15494	15479	15594	0	0	0	0	0	0	0	0	0	0	0	0	0	0	0	0	0	0	0	0	0	0	0	0	0	0	0	0	0	0	0	0	1357	844	1176	1379	266	230	249	251	236	255	234	244	233	219	246	245
14983	14991	15342	15522	17769	17776	17778	13694	13734	13724	17807	17787	17799	17790	17782	17766	17847	17898	0	15610	17856	13755	13703	13692	13722	15628	15608	15583	14613	14547	14594	14604	16354	16343	16322	16190	18643	18617	18617	14383	15533	14819	18658	18647	18655	18636	18633	18628	18573	18415	0	15895	18416	14316	14812	15499	14468	16147	16148	16155	16268	16103	16081	16067	0	0	0	0	0	0	0	0	0	0	0	0	0	0	0	0	0	0	0	0	0	0	0	0	0	0	0	0	0	0	0	0	1448	732	1012	1808	266	230	248	250	236	255	234	244	233	218	245	245
15485	15489	15485	18083	0	0	0	0	13703	13662	13683	0	0	0	0	0	0	0	0	0	0	13677	13635	13672	18050	0	0	18039	14570	14476	14532	14557	16031	16031	15986	18743	0	0	0	0	14359	14738	14235	0	0	0	0	0	0	0	0	0	0	14233	14716	14318	18617	0	0	18315	16181	16033	16029	16023	0	0	0	0	0	0	0	0	0	0	0	0	0	0	0	0	0	0	0	0	0	0	0	0	0	0	0	0	0	0	0	0	551	906	956	1231	265	230	249	250	236	255	234	245	232	219	245	246
14710	15245	15241	17569	18209	20315	20326	18191	13490	13433	13418	13457	20377	20383	20370	20355	20317	0	0	0	13454	13413	13408	13466	17675	20319	20301	18148	14309	14266	14309	14331	15803	15792	15772	18726	18462	0	0	18720	14086	14549	14460	14034	0	0	0	0	0	0	0	0	14036	14458	14524	14071	18730	0	0	0	15978	15820	15796	15786	0	0	0	0	0	0	0	0	0	0	0	0	0	0	0	0	0	0	0	0	0	0	0	0	0	0	0	0	0	0	0	0	3643	881	1017	1394	266	231	248	251	236	255	234	245	233	219	245	246
15062	17282	17400	20039	20224	0	0	0	13273	13233	13229	0	0	0	0	0	0	0	0	0	0	13221	13206	13244	20069	20215	20205	20174	14138	14049	14107	14141	15504	18631	18605	0	0	0	0	0	13953	14929	14017	0	0	0	0	0	0	0	0	0	0	14009	14871	13943	0	0	0	0	15748	15610	15606	15612	0	0	0	0	0	0	0	0	0	0	0	0	0	0	0	0	0	0	0	0	0	0	0	0	0	0	0	0	0	0	0	0	914	1406	917	1079	265	230	249	250	236	255	234	245	233	219	246	245
13318	13350	13339	13310	13315	13323	13311	13348	13413	13363	13346	13332	13359	13335	13341	13342	13367	13335	13324	13327	13318	13326	13333	13380	13365	13335	13333	13315	14250	14169	14234	14238	16068	14394	14372	15933	14417	14010	15731	14199	14446	14942	14619	15409	14054	15394	14381	14359	15887	15907	15891	14097	15867	15011	15030	15927	16013	15916	14145	15923	15920	17027	15714	18285	0	0	0	0	0	0	0	0	0	0	0	0	0	0	0	0	0	0	0	0	0	0	0	0	0	0	0	0	0	0	0	0	1875	3109	1158	8191	270	231	248	251	236	254	233	244	233	218	245	245
14461	15005	14997	17320	17447	17463	17476	17493	13219	13187	13180	17501	17500	17500	17497	17484	17411	0	0	0	13236	13168	13161	13180	17315	17429	17415	17377	14092	13993	14040	14097	14690	15560	15544	18033	18037	18031	17990	18359	13885	14848	13867	17987	18030	17999	17907	17962	17955	0	0	0	0	13898	14869	13905	18155	17957	17947	17952	15700	16971	16916	15687	0	0	0	0	0	0	0	0	0	0	0	0	0	0	0	0	0	0	0	0	0	0	0	0	0	0	0	0	0	0	0	0	1339	2719	3536	1488	266	230	249	251	236	255	233	244	233	218	245	246
14750	16955	16958	17230	19867	0	0	0	12974	12941	12947	0	0	0	0	0	19839	19875	0	0	19856	12928	12902	12931	17195	19725	19712	17183	13822	13730	13796	13831	15197	18111	18085	17671	20370	0	0	0	13691	14257	13580	0	0	0	0	0	20415	20260	0	0	20379	13579	14259	13715	17821	20432	20413	17738	15520	15285	15421	15293	0	0	0	0	0	0	0	0	0	0	0	0	0	0	0	0	0	0	0	0	0	0	0	0	0	0	0	0	0	0	0	0	2262	1813	1392	1116	266	230	248	251	236	255	234	245	233	219	245	245
14727	14731	16947	17025	17129	0	0	0	12929	12897	12929	0	0	0	0	0	17057	17103	0	17098	17053	12899	12863	12881	16951	16996	16994	16935	13792	13709	13766	13784	15255	15218	17999	17673	17673	0	0	0	13751	13957	13457	0	0	0	0	0	17723	17423	0	0	17606	13456	13945	13726	17874	17846	17833	17834	15404	15268	15256	15367	0	0	0	0	0	0	0	0	0	0	0	0	0	0	0	0	0	0	0	0	0	0	0	0	0	0	0	0	0	0	0	0	1333	767	1199	1401	266	230	249	251	236	255	234	244	233	219	245	246
14798	14951	14951	17245	17369	17384	17392	13127	13158	13166	17441	17420	17428	17435	0	17403	17347	17367	0	17373	17342	17352	13140	13123	13144	17312	17304	17229	14048	13969	14017	14036	15652	15517	15499	17955	17959	17942	17947	13825	14704	13886	17910	17799	17935	0	0	17898	17921	17900	0	17669	17884	17900	13898	14746	13907	17927	17913	17911	15657	15525	15500	15620	0	0	0	0	0	0	0	0	0	0	0	0	0	0	0	0	0	0	0	0	0	0	0	0	0	0	0	0	0	0	0	0	1071	838	1440	1562	266	230	249	251	236	255	234	245	233	218	245	246
17573	17583	17586	17927	17955	0	0	13617	13652	13635	0	0	0	0	0	0	0	0	0	0	0	13646	13608	13611	13631	17856	17849	17818	14534	14443	14504	14522	18922	18788	18522	18464	18234	0	0	14209	14949	14651	0	0	0	0	0	0	0	0	0	0	0	14175	14639	14950	14247	18422	18395	18420	16144	16003	15994	15989	0	0	0	0	0	0	0	0	0	0	0	0	0	0	0	0	0	0	0	0	0	0	0	0	0	0	0	0	0	0	0	0	1172	948	890	1289	266	230	249	251	236	255	234	245	233	219	246	246
14947	15519	15519	18134	0	0	0	18465	13706	13766	0	0	0	0	0	0	0	0	0	0	0	0	13735	13686	13736	0	0	18055	14592	14505	14557	14599	15277	16027	15867	18593	0	0	0	18830	14921	14318	0	0	0	0	0	0	0	0	0	0	0	0	14301	14925	14269	0	0	18460	16206	16061	16049	16058	0	0	0	0	0	0	0	0	0	0	0	0	0	0	0	0	0	0	0	0	0	0	0	0	0	0	0	0	0	0	0	0	1117	1933	1825	1136	266	230	249	251	237	255	234	245	233	219	246	246
13280	13278	13256	13248	13602	17323	13236	13169	13215	13205	13248	13504	13336	13575	13554	13545	13588	13582	13573	13554	13567	13237	13199	13197	13212	13249	13566	13548	14112	14036	14075	14098	15867	15875	14114	14114	14185	18430	13760	13902	15614	14089	13897	14200	14222	14212	14201	14205	14261	14260	14116	14116	14236	13912	14113	15781	13971	14777	14687	14752	15746	15590	15570	15680	0	0	0	0	0	0	0	0	0	0	0	0	0	0	0	0	0	0	0	0	0	0	0	0	0	0	0	0	0	0	0	0	1238	886	1486	2461	267	230	248	251	235	254	233	244	234	218	246	246
14578	14581	16791	17007	17031	17047	17063	19667	12809	12762	12758	12751	12752	12762	19682	19663	16983	16990	12752	12724	12740	12738	12728	12764	16845	16971	16963	16923	13649	13577	13632	13649	15106	15089	18049	17666	17573	17516	20163	20176	13508	14350	13623	13363	13906	13586	20157	20184	17518	17455	13599	13928	13450	13625	14361	13515	17752	17564	17522	17667	15269	15135	15254	15144	0	0	0	0	0	0	0	0	0	0	0	0	0	0	0	0	0	0	0	0	0	0	0	0	0	0	0	0	0	0	0	0	1396	911	1214	1459	266	230	248	251	236	254	233	245	233	219	245	245
14426	14430	14967	17229	17236	17247	17251	17242	13219	13186	13187	17425	17247	17262	17245	17221	17336	17378	17373	17363	17325	13170	13153	13177	14722	17240	15070	15042	14073	14012	14061	14066	15795	15767	15647	18435	18063	18059	18059	18400	15015	15447	13790	17943	17974	17959	17953	18035	18144	17935	17921	17914	17925	14961	15449	14991	15331	18173	15333	15602	15752	15573	15543	15643	0	0	0	0	0	0	0	0	0	0	0	0	0	0	0	0	0	0	0	0	0	0	0	0	0	0	0	0	0	0	0	0	2423	779	934	2047	266	230	249	250	236	255	233	245	234	219	245	246
17820	17832	17832	0	0	0	0	13561	13571	13588	0	13550	13551	13553	0	0	20447	13606	13511	13485	13500	13582	13538	13525	13545	20426	20426	20391	14435	14343	14422	14435	18754	18430	18399	0	0	0	0	14123	14776	14205	0	14219	15348	14235	0	0	0	0	14289	15353	14274	14001	14145	14770	14164	0	0	0	16107	17262	15927	15902	0	0	0	0	0	0	0	0	0	0	0	0	0	0	0	0	0	0	0	0	0	0	0	0	0	0	0	0	0	0	0	0	2377	2603	885	1082	266	230	249	251	236	255	234	245	234	219	245	245
14847	14858	14851	17654	17782	17854	17864	13615	13627	13602	13596	17917	17882	0	20479	17875	17832	0	0	0	0	13580	13570	13593	13629	17820	17802	17745	14500	14408	14478	14489	15967	15963	15929	18573	18447	18441	18441	14183	14474	14915	14253	18418	18427	0	0	18444	18329	0	0	0	0	14190	14859	14493	14183	18355	18341	18517	16109	15964	15968	16057	0	0	0	0	0	0	0	0	0	0	0	0	0	0	0	0	0	0	0	0	0	0	0	0	0	0	0	0	0	0	0	0	1361	1472	1021	1853	265	229	248	250	235	254	233	244	233	218	245	245
14465	15027	15023	17283	17479	20096	20107	13195	13232	13232	0	0	20141	20139	0	20125	0	0	0	0	0	0	13215	13206	13231	20074	20048	20022	14107	14050	14086	14119	15571	15558	15535	18026	18019	0	0	13786	14442	13853	0	0	0	0	0	0	0	0	0	0	0	0	13846	14446	13864	20428	0	0	15794	15606	15792	15675	0	0	0	0	0	0	0	0	0	0	0	0	0	0	0	0	0	0	0	0	0	0	0	0	0	0	0	0	0	0	0	0	2070	750	1590	1232	266	230	249	251	236	255	234	244	233	218	246	245
12839	12842	12823	12825	12833	12760	12734	12735	12790	12771	12760	12823	12854	12910	12914	12907	13153	13153	13143	12825	12797	12758	12746	12762	12778	12768	12782	13118	13648	13608	13658	13679	13318	13312	13328	13372	13383	13399	14306	14425	14014	14846	13592	13507	13754	13374	13626	13758	13436	13449	13508	13665	13385	13567	14742	14013	14467	14358	13443	13806	15335	15159	15139	15250	0	0	0	0	0	0	0	0	0	0	0	0	0	0	0	0	0	0	0	0	0	0	0	0	0	0	0	0	0	0	0	0	8191	904	1199	1629	266	230	249	250	236	255	234	244	233	219	245	245
15195	15197	15191	20232	20241	0	0	13353	13387	13391	0	0	0	0	0	0	17754	0	0	0	0	0	13368	13348	13376	17754	17736	17700	14260	14204	14251	14266	15714	15706	15541	0	0	0	0	13934	14575	13993	0	0	0	0	0	0	18150	0	0	0	0	0	13978	14591	13995	18253	18241	18260	15915	15762	15734	15726	0	0	0	0	0	0	0	0	0	0	0	0	0	0	0	0	0	0	0	0	0	0	0	0	0	0	0	0	0	0	0	0	1641	701	886	1263	265	230	248	251	236	255	234	244	233	219	245	246
14981	14991	14995	17596	17792	17812	17816	15830	13818	13764	13778	17814	17811	17802	17790	17782	17894	17997	0	17999	17945	13774	13739	13792	17866	17865	17848	15673	14653	14593	14639	14653	16376	16359	16339	18799	18647	18630	18630	16301	14354	14768	14324	18652	18626	18558	18605	18637	18551	18524	0	18388	18517	14327	14731	14340	18751	18546	18535	15926	16272	16151	16127	16237	0	0	0	0	0	0	0	0	0	0	0	0	0	0	0	0	0	0	0	0	0	0	0	0	0	0	0	0	0	0	0	0	1666	856	892	1780	267	230	249	251	236	255	234	245	233	219	245	246
14643	14639	15192	17650	20432	20457	0	13380	13402	13393	0	0	0	0	0	0	0	0	0	0	0	0	13378	13368	13455	0	0	0	14297	14199	14265	14281	15759	15091	15728	18337	0	0	0	13939	14604	14217	0	0	0	0	0	0	0	0	0	0	0	0	14155	14582	13962	0	0	0	15901	15756	15754	15745	0	0	0	0	0	0	0	0	0	0	0	0	0	0	0	0	0	0	0	0	0	0	0	0	0	0	0	0	0	0	0	0	1090	968	949	1361	266	230	249	251	236	255	233	245	234	219	246	246
14861	14861	17071	19875	20007	0	0	17769	13066	13041	13035	0	0	0	0	0	0	0	0	0	0	13029	13014	13041	13103	19975	0	19918	13940	13861	13899	13943	15369	15290	18303	0	0	0	0	18269	13841	14537	13700	0	0	0	0	0	0	0	0	0	0	13715	14539	13788	17981	20238	0	0	15558	15418	15533	15399	0	0	0	0	0	0	0	0	0	0	0	0	0	0	0	0	0	0	0	0	0	0	0	0	0	0	0	0	0	0	0	0	1427	835	2013	1055	266	230	249	251	236	255	233	244	233	218	245	246
15093	17332	17704	20215	0	0	0	0	13294	13252	13276	0	0	0	0	0	20198	20219	20232	20211	20193	13263	13225	13254	19901	20194	20176	20147	14170	14066	14105	14158	15580	18271	18247	0	0	0	0	0	14109	14483	13871	0	0	0	0	0	0	0	0	0	0	13875	14491	14125	0	0	0	0	15785	15637	15732	15618	0	0	0	0	0	0	0	0	0	0	0	0	0	0	0	0	0	0	0	0	0	0	0	0	0	0	0	0	0	0	0	0	433	1028	1952	1057	265	230	248	251	236	254	234	244	233	219	245	246
14293	14292	14287	14444	14666	14674	14685	13229	13236	13250	17257	17240	17092	17240	14718	14706	17181	17333	17346	17319	17156	17170	13228	13201	13251	17151	17136	14481	14103	14042	14094	14098	15692	15680	15660	15598	15228	15201	15199	13759	14237	13846	18479	18507	18239	18229	18269	15039	18366	18128	18021	18349	18351	18356	13839	14241	13823	18386	18371	15629	15816	15599	15571	15670	0	0	0	0	0	0	0	0	0	0	0	0	0	0	0	0	0	0	0	0	0	0	0	0	0	0	0	0	0	0	0	0	1746	788	1389	2822	266	229	248	250	235	254	233	244	233	218	245	245
14580	14580	14580	16870	17063	19648	0	17118	12835	12771	0	0	19691	19688	19684	19663	17163	0	0	0	0	0	12746	12805	16854	17179	17188	17136	13667	13584	13642	13661	15121	15119	15087	17640	17611	19952	0	17628	13560	13661	0	0	20174	20051	20063	20163	17688	0	0	0	0	0	13650	13546	17760	17595	20127	17668	15283	15146	15139	15129	0	0	0	0	0	0	0	0	0	0	0	0	0	0	0	0	0	0	0	0	0	0	0	0	0	0	0	0	0	0	0	0	1448	1277	1254	1336	266	230	249	251	236	255	234	245	233	218	245	246
14517	14535	14541	14584	14878	14890	17429	15209	13372	17481	17468	17447	17443	17429	17279	17257	17354	17390	17387	17372	17344	17340	17342	13329	14830	14885	14861	14837	14248	14172	14238	14243	15985	15985	15953	15730	15706	15490	18396	15694	14276	18456	18435	18432	18435	18186	18407	18419	18397	18402	18381	18380	18372	18376	18380	14275	15832	15212	15184	15865	15940	15730	15726	15824	0	0	0	0	0	0	0	0	0	0	0	0	0	0	0	0	0	0	0	0	0	0	0	0	0	0	0	0	0	0	0	0	3902	1317	1031	2744	267	229	249	251	235	254	233	244	233	218	246	244
14810	14819	14828	14871	15188	15340	15358	15359	13759	13711	13696	13736	15420	17727	15536	15496	17854	17872	17874	17854	13747	13695	13683	13740	15252	17785	15607	15258	14610	14535	14573	14589	16355	16336	16322	16289	16287	16269	16281	16308	14320	14977	14676	14196	16007	19051	15846	16257	18879	18766	18751	18773	14109	14626	14946	14301	15885	18893	16159	16214	16233	16096	16217	16181	0	0	0	0	0	0	0	0	0	0	0	0	0	0	0	0	0	0	0	0	0	0	0	0	0	0	0	0	0	0	0	0	1283	753	2444	3058	268	230	248	251	236	255	234	244	233	218	245	246
14618	15179	15177	17609	0	0	0	13351	13368	13351	0	0	0	0	0	0	0	0	0	0	0	0	13336	13339	13407	0	0	0	14248	14178	14230	14254	14925	15683	15446	17991	0	0	0	13922	14581	14260	0	0	0	0	0	0	0	0	0	0	0	0	14249	14570	14008	0	0	0	15921	15734	15715	15712	0	0	0	0	0	0	0	0	0	0	0	0	0	0	0	0	0	0	0	0	0	0	0	0	0	0	0	0	0	0	0	0	1706	821	1260	1055	266	230	249	251	236	255	234	245	233	218	246	246
14566	15115	15122	20174	20301	0	0	0	13341	13291	13277	13280	13330	0	13291	0	0	0	0	13294	13237	13253	13263	13315	17660	17688	17683	17642	14179	14119	14157	14196	15657	15652	15372	0	0	0	0	0	13895	14381	14536	14247	13886	0	13561	0	0	0	0	13823	14218	14521	14343	13874	18250	18171	17955	18186	15868	15675	15658	15652	0	0	0	0	0	0	0	0	0	0	0	0	0	0	0	0	0	0	0	0	0	0	0	0	0	0	0	0	0	0	0	0	2899	792	1193	1223	266	230	249	251	236	255	233	244	233	219	245	246
14732	14748	16949	19737	0	0	0	12903	12931	12944	0	0	0	0	0	0	0	0	0	0	0	0	12911	12897	12922	0	0	17243	13804	13730	13786	13818	15265	15222	18154	20207	0	0	0	13521	14255	13580	0	0	0	0	0	0	0	0	0	0	0	0	13592	14263	13576	0	0	17772	15495	15284	15463	15278	0	0	0	0	0	0	0	0	0	0	0	0	0	0	0	0	0	0	0	0	0	0	0	0	0	0	0	0	0	0	0	0	2064	1512	1222	1113	266	230	248	251	236	255	234	245	234	219	245	246
17778	17923	17937	0	0	0	0	13621	13665	13665	0	0	0	0	0	0	0	0	0	0	0	13699	13653	13642	13656	0	0	0	14539	14478	14521	14566	19014	18680	0	0	0	0	0	14318	15309	14307	0	0	0	0	0	0	0	0	0	0	0	14171	14342	15343	14414	0	0	0	16155	16129	16155	16014	0	0	0	0	0	0	0	0	0	0	0	0	0	0	0	0	0	0	0	0	0	0	0	0	0	0	0	0	0	0	0	0	1584	1528	1370	1042	266	230	248	250	236	254	234	244	233	219	245	245
14670	14690	14706	14735	17530	17549	17547	15527	13544	13506	17575	17567	17566	17552	17541	17522	17665	17728	0	17713	17653	17660	13477	13525	15097	17632	17604	17577	14401	14331	14388	14397	16126	16094	16080	16033	18742	18693	18727	16074	14162	15284	18558	18628	18599	18416	18616	18712	18321	18288	0	18260	18282	18285	15251	14125	15670	18307	18587	18578	16100	15887	16015	15981	0	0	0	0	0	0	0	0	0	0	0	0	0	0	0	0	0	0	0	0	0	0	0	0	0	0	0	0	0	0	0	0	1820	1007	1399	2148	267	230	249	251	236	255	234	245	233	219	246	245
14452	15013	17214	17403	20047	0	20065	13169	13203	13191	13209	0	20103	0	0	20075	20013	0	0	0	20003	13195	13172	13188	13206	17372	19991	17326	14092	14026	14033	14098	14792	15529	18199	18019	0	0	20351	13751	14342	14409	13825	0	0	0	0	20431	0	0	0	0	20401	13827	14426	14398	13804	17752	0	18071	15707	15575	15658	15640	0	0	0	0	0	0	0	0	0	0	0	0	0	0	0	0	0	0	0	0	0	0	0	0	0	0	0	0	0	0	0	0	1550	862	1761	1200	266	231	249	251	236	255	234	244	234	218	246	246
14204	14204	14730	16975	17114	17175	17195	12913	12951	12941	17258	19797	17234	17252	17249	17236	17173	0	0	0	0	0	12932	12929	12953	17157	17154	17098	13833	13773	13801	13844	15331	15325	15302	18234	17927	17773	17773	13560	14584	13811	17744	20377	17786	17749	17754	18238	17878	0	0	0	0	0	13802	14503	13670	17690	17660	17865	16037	15329	15299	15406	0	0	0	0	0	0	0	0	0	0	0	0	0	0	0	0	0	0	0	0	0	0	0	0	0	0	0	0	0	0	0	0	2029	809	1719	1615	265	229	248	250	235	255	233	244	233	218	246	246
14182	14186	14185	16955	16983	17203	17225	12913	12945	12928	12945	17265	17276	17264	17000	17134	0	0	0	0	0	12935	12899	12908	12941	0	17186	17150	13820	13744	13806	13818	15407	15294	15277	17903	17898	17750	17744	13523	14297	14245	13557	17590	17761	17719	17757	17766	0	0	0	0	0	13525	14164	14243	13558	0	0	17685	15515	15304	15295	15283	0	0	0	0	0	0	0	0	0	0	0	0	0	0	0	0	0	0	0	0	0	0	0	0	0	0	0	0	0	0	0	0	2622	977	1100	1675	266	230	249	251	236	255	234	244	234	218	246	246
15522	15523	17724	0	0	0	0	0	13702	0	0	0	0	0	0	0	0	0	0	0	0	0	0	13672	17990	0	0	18025	14594	14516	14557	14603	16037	15999	18916	0	0	0	0	0	14601	0	0	0	0	0	0	0	0	0	0	0	0	0	0	14590	18634	0	0	18390	16210	16076	16053	16059	0	0	0	0	0	0	0	0	0	0	0	0	0	0	0	0	0	0	0	0	0	0	0	0	0	0	0	0	0	0	0	0	1842	1140	1180	1292	266	230	248	251	236	254	234	244	233	219	245	246
14323	14322	14854	17116	17155	17324	17335	13105	13119	13101	0	0	17160	0	17147	17139	17299	0	0	0	0	0	13070	13081	13121	17285	17267	17161	13989	13914	13967	13981	15688	15556	15545	17973	17959	17913	17904	13621	14131	13999	0	0	17846	0	17732	17851	17834	0	0	0	0	0	13977	14125	13686	17846	17830	17834	15610	15471	15451	15516	0	0	0	0	0	0	0	0	0	0	0	0	0	0	0	0	0	0	0	0	0	0	0	0	0	0	0	0	0	0	0	0	1294	736	937	1493	266	230	248	251	236	255	234	245	233	218	246	246
14962	15481	15478	17654	17758	17973	13708	13646	13692	13688	18034	18022	17772	0	17991	17749	0	0	0	0	0	0	13669	13661	13676	13717	17902	17865	14579	14515	14555	14566	16197	16035	16017	18658	18560	18528	14204	14490	15353	14333	18538	18522	18557	0	18529	18530	0	0	0	0	0	0	14311	15279	14610	14253	18444	18451	16206	16072	16187	16111	0	0	0	0	0	0	0	0	0	0	0	0	0	0	0	0	0	0	0	0	0	0	0	0	0	0	0	0	0	0	0	0	659	754	1159	1789	266	230	248	250	236	255	234	244	233	219	246	245
15311	15315	17724	17795	20431	20451	0	13477	13512	13497	0	0	0	0	0	0	20404	0	0	0	0	13547	13477	13485	13507	20407	20399	20361	14391	14322	14362	14407	15846	15830	18666	18249	0	0	0	14164	14967	14383	0	0	0	0	0	0	0	0	0	0	0	0	14388	14918	14244	0	0	0	16092	15872	16001	15856	0	0	0	0	0	0	0	0	0	0	0	0	0	0	0	0	0	0	0	0	0	0	0	0	0	0	0	0	0	0	0	0	2644	1247	2264	1144	265	230	249	251	236	255	234	245	233	219	245	245
14718	16965	17151	19761	19806	0	0	12851	12897	12879	12887	0	0	0	0	0	19828	0	0	0	12924	12881	12857	12866	12883	12925	19724	19702	13788	13705	13748	13793	15238	18212	18185	20365	20310	0	0	13521	14715	14237	13507	0	0	0	0	0	20374	0	0	0	13370	13512	14225	14706	13617	13195	20387	20380	15399	15258	15352	15244	0	0	0	0	0	0	0	0	0	0	0	0	0	0	0	0	0	0	0	0	0	0	0	0	0	0	0	0	0	0	0	0	1350	939	1379	1164	266	231	249	251	236	255	234	245	233	219	245	246
15449	15458	17690	0	0	0	0	0	13662	13628	13623	0	0	0	0	0	0	0	0	0	0	13625	13607	13638	18054	0	0	0	14532	14452	14499	14534	15993	15973	18933	0	0	0	0	0	14470	15509	14494	0	0	0	0	0	0	0	0	0	0	14518	15435	14289	18524	0	0	0	16149	16013	15994	15994	0	0	0	0	0	0	0	0	0	0	0	0	0	0	0	0	0	0	0	0	0	0	0	0	0	0	0	0	0	0	0	0	1182	797	979	1204	266	229	248	251	236	255	233	244	233	218	245	245
