14140	14170	14172	14585	14589	14603	17023	12961	12991	12975	17077	17067	16982	16993	16966	16955	17158	17179	17186	17173	17156	13014	12943	12953	12984	17037	14857	14777	13875	13789	13873	13855	15470	15466	15456	15418	15151	15143	17993	13494	14311	14057	18041	18007	18180	17902	18079	18242	17812	17768	17724	17728	17736	17738	14042	14268	13568	17754	15217	15403	15491	15350	15367	15397	0	0	0	0	0	0	0	0	0	0	0	0	0	0	0	0	0	0	0	0	0	0	0	0	0	0	0	0	0	0	0	0	1215	1033	357	1908	263	227	246	248	233	252	231	242	230	216	243	243
17778	17875	20407	0	0	0	0	0	13627	13557	13582	0	0	0	0	0	0	0	0	0	0	13556	13535	13579	17833	0	0	0	14449	14388	14448	14465	18816	18423	0	0	0	0	0	0	14117	14530	14108	0	0	0	0	0	0	0	0	0	0	14101	14539	14097	0	0	0	0	16072	15945	15939	15928	0	0	0	0	0	0	0	0	0	0	0	0	0	0	0	0	0	0	0	0	0	0	0	0	0	0	0	0	0	0	0	0	1568	742	543	892	263	227	246	248	233	252	231	242	231	216	242	243
14795	14803	14806	14835	15222	15238	15257	15272	13640	13602	13582	17638	17641	17628	17619	17608	17816	17832	17830	17818	17810	13575	13580	13642	15135	15184	15171	15144	14505	14425	14478	14496	16105	16086	16078	15999	15807	15802	15796	16167	15100	15220	14368	18534	18525	18513	18505	18892	18496	18409	18393	18383	18383	14378	15201	15136	15765	15704	15639	16045	16125	15985	15973	16060	0	0	0	0	0	0	0	0	0	0	0	0	0	0	0	0	0	0	0	0	0	0	0	0	0	0	0	0	0	0	0	0	1315	1182	2354	2133	264	227	246	248	233	252	231	242	231	216	243	243
14114	14666	16925	19710	19713	0	0	12862	12881	12863	0	0	0	0	0	0	19847	0	0	0	0	0	12846	12851	12897	19800	19794	19742	13758	13682	13749	13761	14383	15182	18120	20377	20361	0	0	13381	13871	13700	0	0	0	0	0	0	20226	0	0	0	0	0	13677	13819	13432	20382	20368	20370	15393	15239	15248	15237	0	0	0	0	0	0	0	0	0	0	0	0	0	0	0	0	0	0	0	0	0	0	0	0	0	0	0	0	0	0	0	0	1174	1408	534	1099	263	227	246	248	234	252	231	241	230	216	243	243
15143	15145	15141	17597	17636	17647	17673	17680	17721	13305	20311	20293	20306	20308	20297	20280	17613	17638	0	0	17621	0	13287	17652	15535	17618	17600	17562	14203	14137	14204	14225	15708	15694	15667	18285	18197	18166	18150	18570	18176	14666	0	0	0	0	0	0	18203	18109	0	0	18018	0	14662	17977	16053	18196	18180	18178	15860	15706	15700	15688	0	0	0	0	0	0	0	0	0	0	0	0	0	0	0	0	0	0	0	0	0	0	0	0	0	0	0	0	0	0	0	0	1324	1148	530	1197	263	227	246	248	233	253	232	242	231	216	243	243
17116	17131	17141	17498	19938	0	0	0	13110	13089	13134	0	0	0	0	0	20018	0	0	0	0	13114	13062	13074	17333	20012	20005	17420	13981	13914	13987	13983	18496	18374	18353	17843	0	0	0	0	13999	14108	13580	0	0	0	0	0	0	0	0	0	0	13604	14112	13991	18036	0	0	17968	16574	15478	15476	15574	0	0	0	0	0	0	0	0	0	0	0	0	0	0	0	0	0	0	0	0	0	0	0	0	0	0	0	0	0	0	0	0	1810	765	403	1165	263	227	247	248	234	253	231	243	231	216	243	244
15002	14999	17407	17470	20127	0	0	0	0	13122	0	0	0	0	0	0	20087	20111	0	0	20093	20100	13100	20111	17390	17512	17505	17475	14026	13955	14017	14037	15521	15504	18368	17830	0	0	0	0	0	13800	0	0	0	0	0	0	0	0	0	0	0	0	13802	0	18086	18045	17844	18021	15654	15515	15515	15502	0	0	0	0	0	0	0	0	0	0	0	0	0	0	0	0	0	0	0	0	0	0	0	0	0	0	0	0	0	0	0	0	1799	1003	839	1082	263	227	246	249	234	252	232	242	231	216	243	243
14980	15537	15541	17875	17914	17929	17949	17986	13751	13724	13746	17962	17975	17970	17959	17950	0	0	0	0	0	13739	13696	13718	17772	17857	17848	17821	14614	14555	14620	14618	15374	16101	16059	18785	18732	18525	18530	18828	14457	14670	14239	18544	18557	18540	18533	18524	0	0	0	0	0	14229	14646	14454	19293	18700	18705	18806	16243	16119	16114	16077	0	0	0	0	0	0	0	0	0	0	0	0	0	0	0	0	0	0	0	0	0	0	0	0	0	0	0	0	0	0	0	0	1469	830	411	1448	263	227	246	248	234	252	231	242	231	216	243	243
14179	16823	16824	17049	17127	17135	17145	17163	12981	12939	12954	17169	17181	17173	17162	17155	17143	17170	0	17141	17141	12948	12919	12949	16981	17062	17059	17005	13829	13762	13829	13843	15399	18236	18205	17757	17738	17734	17738	18031	13987	14452	13609	17753	17769	17758	17748	17740	17732	0	0	17561	17630	13628	14487	13977	18502	17892	17865	18032	15514	15325	15327	15312	0	0	0	0	0	0	0	0	0	0	0	0	0	0	0	0	0	0	0	0	0	0	0	0	0	0	0	0	0	0	0	0	1455	949	705	1232	263	227	245	248	233	253	231	241	231	216	243	243
14818	14824	14832	14857	15214	15253	15280	15309	15396	13680	15560	17695	17713	17705	15548	15531	15196	15216	15203	15177	15180	15186	13650	15179	15170	15173	15153	15131	14581	14493	14560	14560	16265	16160	16230	16086	16039	16033	16047	16216	16053	14232	15814	19009	19168	19052	19174	16011	16009	15999	15991	16009	15983	15993	14207	16076	15904	16088	16077	16077	16207	16057	16061	16140	0	0	0	0	0	0	0	0	0	0	0	0	0	0	0	0	0	0	0	0	0	0	0	0	0	0	0	0	0	0	0	0	1416	865	946	2849	264	227	246	249	234	252	231	242	231	216	243	243
17117	17378	0	0	0	0	0	0	13062	13122	0	0	0	0	0	0	0	0	0	0	0	0	13125	13037	0	0	0	0	13953	13875	13943	13959	18331	17862	0	0	0	0	0	0	14697	14568	0	0	0	0	0	0	0	0	0	0	0	0	14573	14662	0	0	0	0	15570	15439	15442	15434	0	0	0	0	0	0	0	0	0	0	0	0	0	0	0	0	0	0	0	0	0	0	0	0	0	0	0	0	0	0	0	0	1128	854	499	828	263	227	246	248	234	252	231	242	231	216	244	243
14618	14622	15209	17416	17642	17654	17665	17667	17715	13385	17731	17705	17713	17711	17715	17702	17630	0	0	0	0	17650	13351	20453	17521	17627	17612	17577	14286	14196	14277	14281	15976	15832	15720	18321	18297	18264	18269	18282	18282	14313	18175	18238	18245	18151	18197	18223	18214	0	0	0	0	17971	14292	0	18235	18203	18195	18197	15899	15753	15775	15822	0	0	0	0	0	0	0	0	0	0	0	0	0	0	0	0	0	0	0	0	0	0	0	0	0	0	0	0	0	0	0	0	1346	868	556	1477	263	227	246	248	234	253	231	242	231	216	243	243
14067	14622	14618	17059	19738	0	0	12801	12825	12819	0	0	0	0	0	0	0	0	0	0	0	0	12803	12789	12837	0	0	19702	13709	13618	13692	13709	14396	15166	15142	17638	20103	0	0	13367	13967	13564	0	0	0	0	0	0	0	0	0	0	0	0	13527	13919	13436	0	0	20033	15322	15182	15193	15176	0	0	0	0	0	0	0	0	0	0	0	0	0	0	0	0	0	0	0	0	0	0	0	0	0	0	0	0	0	0	0	0	1304	966	637	1153	263	227	246	248	233	253	231	242	231	216	243	243
14754	14783	14782	17459	17596	17773	17775	13557	13556	13575	17843	17831	17627	17623	17603	17592	17774	17796	17796	17782	17766	17768	13558	13521	13583	17769	17752	17721	14435	14364	14433	14425	16027	16005	15986	18863	18854	18457	18457	14104	15147	14173	18391	18397	18419	18397	18374	18466	18429	18366	18241	18329	18335	18340	14156	15132	14170	18478	18650	18647	16053	15924	15925	15987	0	0	0	0	0	0	0	0	0	0	0	0	0	0	0	0	0	0	0	0	0	0	0	0	0	0	0	0	0	0	0	0	1764	811	818	1614	263	227	246	248	234	252	231	242	231	216	243	243
14649	14670	14684	14728	15125	15158	15169	15190	15235	15229	17554	17550	15214	17524	17529	15201	17722	17746	17742	17718	17713	17713	17704	17728	15035	17713	17694	17660	14384	14300	14375	14368	16209	16205	16195	16182	16190	15939	15682	16188	15771	15676	18839	18842	16025	18840	18835	15967	18622	18594	18616	18617	18376	18605	18605	18626	15512	18790	18778	18770	15997	15867	15869	15933	0	0	0	0	0	0	0	0	0	0	0	0	0	0	0	0	0	0	0	0	0	0	0	0	0	0	0	0	0	0	0	0	1601	1074	690	2227	264	227	246	249	233	252	231	242	231	216	243	243
14156	14162	14170	16941	17071	17096	17110	17135	12921	17179	17158	17147	17142	17137	16967	16958	17073	17104	17087	17067	17061	17059	17037	12887	15013	16980	16964	16930	13801	13736	13804	13797	15608	15590	15269	18144	17974	17959	17966	17995	13560	17775	17726	17718	17731	17718	17707	17991	18023	17728	17640	17657	17652	17690	17688	13560	15608	18435	18415	18414	15463	15293	15295	15352	0	0	0	0	0	0	0	0	0	0	0	0	0	0	0	0	0	0	0	0	0	0	0	0	0	0	0	0	0	0	0	0	1380	909	416	1560	263	227	246	248	234	253	231	242	231	216	244	243
14353	14955	17024	17047	17374	17388	17405	13105	13125	13148	17446	17424	17435	17435	17428	17417	17348	0	0	0	0	0	13133	13101	13140	17322	17315	17282	14005	13951	13999	14020	15656	15529	18455	17973	17975	17959	17961	13794	14404	13736	17959	17949	17970	17923	17929	17934	17904	0	0	0	0	0	13723	14385	13867	17921	17904	18668	15618	15514	15491	15476	0	0	0	0	0	0	0	0	0	0	0	0	0	0	0	0	0	0	0	0	0	0	0	0	0	0	0	0	0	0	0	0	2058	820	1048	1185	263	227	246	248	234	252	232	242	231	216	243	243
14867	14887	14893	17602	17911	17921	17931	17943	13727	13669	13676	17966	17985	17986	17978	17967	17926	17947	0	17953	17923	13665	13635	13702	17923	17917	17898	17869	14564	14482	14557	14553	16357	16092	16039	18998	19002	18583	18570	19009	14359	15015	14457	18593	18577	18513	18484	18595	18515	18466	0	0	18450	14434	14975	14339	18547	18504	18489	18521	16236	16049	16053	16015	0	0	0	0	0	0	0	0	0	0	0	0	0	0	0	0	0	0	0	0	0	0	0	0	0	0	0	0	0	0	0	0	1546	1091	503	1407	263	227	246	248	234	252	231	242	231	216	243	243
14035	14042	14040	16720	16870	16876	12832	12778	12830	16945	16931	16910	16910	16902	16889	16882	17055	17075	17074	17059	17051	17059	17059	12811	12831	12871	17027	14704	13709	13641	13727	13718	15352	15342	15328	18120	18115	17738	13409	13963	14616	17792	17770	17765	17766	17748	17740	17765	17703	17662	17641	17636	17640	17636	17656	14564	14076	13458	17940	15212	15338	15197	15226	15304	0	0	0	0	0	0	0	0	0	0	0	0	0	0	0	0	0	0	0	0	0	0	0	0	0	0	0	0	0	0	0	0	306	878	652	1665	263	227	246	248	234	252	231	242	231	217	243	243
14023	14580	16819	17221	0	0	0	12776	12768	12814	0	0	0	0	0	0	0	0	0	0	0	0	12799	12736	12813	19742	19733	19693	13656	13579	13649	13658	15115	15085	17819	20333	0	0	0	13312	13889	13361	0	0	0	0	0	0	0	0	0	0	0	0	13344	13859	13378	20270	20242	20259	15314	15138	15146	15125	0	0	0	0	0	0	0	0	0	0	0	0	0	0	0	0	0	0	0	0	0	0	0	0	0	0	0	0	0	0	0	0	1419	885	434	940	263	227	246	248	234	253	231	242	231	216	243	243
14255	14263	14788	17079	17110	17154	17268	17332	13026	12985	12994	0	0	0	0	0	17197	17228	17232	17218	17207	12973	12952	12981	17025	17026	16998	16969	13872	13812	13879	13874	15492	15374	15351	17917	17808	17772	0	17875	13658	14757	13608	0	0	0	0	0	17894	17736	17518	17685	17738	13606	14750	13648	18484	17929	17904	18039	15558	15376	15374	15335	0	0	0	0	0	0	0	0	0	0	0	0	0	0	0	0	0	0	0	0	0	0	0	0	0	0	0	0	0	0	0	0	1699	776	504	1409	263	226	245	247	233	252	230	241	230	215	242	242
12887	12809	12797	12863	12874	12817	12786	12801	12911	12907	12865	12831	12857	12862	12888	12837	12780	12851	14588	12771	12778	12782	12830	12888	12854	12833	12832	13151	13745	13669	13732	13727	13855	13873	13845	13383	13707	13496	14618	14196	13502	13511	14706	13687	14226	13507	13481	13837	14808	13730	13446	14199	13632	14603	13418	13669	15400	15363	13733	13781	15367	15227	15219	15284	0	0	0	0	0	0	0	0	0	0	0	0	0	0	0	0	0	0	0	0	0	0	0	0	0	0	0	0	0	0	0	0	1771	843	683	3207	265	227	246	249	234	252	232	242	231	216	243	243
15564	15571	15571	18003	18031	18047	18061	18119	13763	0	0	0	0	0	0	0	18024	0	0	0	0	0	18027	13731	17896	18029	18014	17982	14637	14569	14645	14650	16169	16109	16049	18655	18627	18589	18585	18371	14343	0	0	0	0	0	0	0	18582	0	0	0	0	0	18423	14342	18628	18580	18847	18877	16265	16138	16140	16115	0	0	0	0	0	0	0	0	0	0	0	0	0	0	0	0	0	0	0	0	0	0	0	0	0	0	0	0	0	0	0	0	1191	1198	406	1232	263	227	245	248	234	252	232	242	231	216	242	243
14873	15416	15409	17900	17927	18063	0	17990	13634	13638	0	0	0	0	0	0	17983	0	0	0	0	0	13623	13606	17869	18005	17991	17958	14512	14444	14517	14518	16372	15967	15953	18899	18890	18637	0	19023	14670	14391	0	0	0	0	0	0	18528	0	0	0	0	0	14359	14656	18595	18546	18517	18529	16188	16003	16013	16063	0	0	0	0	0	0	0	0	0	0	0	0	0	0	0	0	0	0	0	0	0	0	0	0	0	0	0	0	0	0	0	0	1592	1024	438	1383	263	227	246	248	233	252	231	242	231	217	243	243
14643	14639	14632	14645	14655	14674	14689	14703	13613	13571	13581	14688	14701	14696	14700	14700	14678	14810	15357	15093	14643	13592	13542	13602	14616	14641	14627	14600	14472	14393	14462	14454	16287	16258	16096	16079	16079	16076	16096	16110	14255	14936	14196	16101	16101	16092	16092	16086	16035	16043	16043	16035	16011	14183	14883	14214	16060	16059	16046	16043	16100	15958	15953	15907	0	0	0	0	0	0	0	0	0	0	0	0	0	0	0	0	0	0	0	0	0	0	0	0	0	0	0	0	0	0	0	0	1037	789	705	8191	266	227	246	248	234	252	231	242	231	216	243	242
14862	15203	15213	17662	17665	17673	17848	17910	13699	13595	17891	17879	17696	17704	17680	17666	17611	17615	17607	17596	17588	17590	13557	13642	15065	15153	15150	15117	14490	14411	14490	14473	16111	16090	16066	18631	18524	18462	18412	18676	14516	15055	18393	18387	18423	18407	18397	18687	18643	18654	18641	18637	18631	18637	15085	14619	15891	16051	16037	16027	16119	15969	15985	16033	0	0	0	0	0	0	0	0	0	0	0	0	0	0	0	0	0	0	0	0	0	0	0	0	0	0	0	0	0	0	0	0	1208	1167	366	1998	264	227	246	249	234	252	232	242	230	216	243	243
14142	14143	14140	16945	16949	17129	17135	16974	12932	13003	17173	17161	17173	17166	16990	16979	0	0	0	0	0	0	12979	12899	17000	17083	17065	17022	13821	13745	13819	13813	15640	15494	15333	18197	17986	17989	17997	18022	14649	13930	17762	17816	17742	17724	17925	18007	0	0	0	0	0	0	13798	14614	18488	17682	17672	18407	15468	15305	15314	15372	0	0	0	0	0	0	0	0	0	0	0	0	0	0	0	0	0	0	0	0	0	0	0	0	0	0	0	0	0	0	0	0	1387	829	643	1581	263	227	246	248	233	253	232	242	231	216	243	243
14894	14905	14911	15571	15349	17728	17704	15684	13700	13683	17730	17715	17728	17715	17707	17698	17757	17914	0	17740	17891	17757	13670	13680	15202	17761	15483	15460	14573	14513	14564	14585	16228	16179	16169	16106	15657	18578	18585	16220	14999	15267	18620	18609	18618	18597	18577	18937	18716	18591	18488	18752	18544	18610	15255	14941	15848	18791	16149	16147	16254	16076	16059	16142	0	0	0	0	0	0	0	0	0	0	0	0	0	0	0	0	0	0	0	0	0	0	0	0	0	0	0	0	0	0	0	0	1729	1027	1250	1817	263	227	245	248	233	252	232	242	231	216	243	243
12400	12364	12300	12354	12430	12335	12340	12318	12369	12353	12333	12324	12354	12359	12465	12434	12468	12414	12340	12271	12295	12296	12309	12308	12318	12351	12373	13830	13756	13147	13221	13229	13368	13364	13367	13213	13351	13377	13361	13538	13599	13191	14493	13650	13889	13008	13236	13357	13372	12870	12951	13838	13112	14405	13054	13592	13609	13254	13416	14754	15371	14708	14713	14773	0	0	0	0	0	0	0	0	0	0	0	0	0	0	0	0	0	0	0	0	0	0	0	0	0	0	0	0	0	0	0	0	247	328	1661	2969	265	227	246	248	234	252	231	242	231	216	243	244
14890	14894	17087	17416	17460	0	0	17806	13092	13045	13029	0	0	0	0	0	0	0	0	0	13122	13043	13039	13083	17318	17456	19977	17411	13940	13887	13936	13965	15497	15489	18337	18238	17802	0	0	18355	13726	14365	14062	0	0	0	0	0	0	0	0	0	13636	14066	14320	13738	18037	17718	0	17949	15558	15449	15435	15426	0	0	0	0	0	0	0	0	0	0	0	0	0	0	0	0	0	0	0	0	0	0	0	0	0	0	0	0	0	0	0	0	1732	931	1011	1202	263	227	246	248	233	252	231	242	231	216	243	243
14875	14883	14887	15484	17685	17704	17711	13668	13658	13694	17748	17760	17734	17726	17707	17676	15457	17812	17810	17799	17634	17638	13668	13636	13681	15143	15137	15118	14522	14478	14536	14541	16102	16096	16084	16041	18756	18536	18674	14223	14895	14298	18528	18546	18519	18448	18519	18770	18678	18599	18620	18671	18505	18544	14307	14897	14294	16010	16025	16017	16208	16045	16033	16007	0	0	0	0	0	0	0	0	0	0	0	0	0	0	0	0	0	0	0	0	0	0	0	0	0	0	0	0	0	0	0	0	2234	823	472	2010	263	227	245	248	233	252	231	241	231	216	243	243
13621	13636	17705	20475	0	0	0	0	13666	0	0	0	0	0	0	0	0	0	0	0	0	0	0	13642	18391	0	0	0	14553	14482	14542	14559	14964	14275	18973	0	0	0	0	0	15033	0	0	0	0	0	0	0	0	0	0	0	0	0	0	14995	18894	0	0	0	16173	16045	16039	16029	0	0	0	0	0	0	0	0	0	0	0	0	0	0	0	0	0	0	0	0	0	0	0	0	0	0	0	0	0	0	0	0	1427	1201	603	1047	263	227	246	248	233	252	231	242	231	216	243	243
14558	15091	15089	17376	17451	17479	17494	17524	13315	13289	13326	17518	17530	17522	17511	17501	17455	0	0	17459	17491	13305	13256	13274	15377	17372	17350	17322	14188	14112	14196	14174	14921	15976	15962	18329	18288	18087	18174	18389	14061	14241	13634	18083	18097	18079	18067	18333	18271	0	0	17898	0	13800	14226	14042	15947	18776	18768	18791	15836	15675	15689	15730	0	0	0	0	0	0	0	0	0	0	0	0	0	0	0	0	0	0	0	0	0	0	0	0	0	0	0	0	0	0	0	0	1380	767	462	1473	263	227	245	248	233	252	231	242	231	217	242	243
14253	14261	14261	14735	17089	17091	17095	14984	13092	13043	13074	17120	17125	17127	17103	17089	17252	17268	0	17251	17243	17247	13006	13052	14566	17240	17226	14905	13940	13859	13937	13926	15533	15521	15504	15466	18306	17943	18079	15445	13878	14129	13408	17965	17896	17872	17891	18290	17848	17787	0	17761	17792	17802	14093	13650	15194	17830	17813	15388	15558	15426	15435	15388	0	0	0	0	0	0	0	0	0	0	0	0	0	0	0	0	0	0	0	0	0	0	0	0	0	0	0	0	0	0	0	0	1074	924	421	1836	264	227	247	248	234	253	231	242	231	217	243	243
14394	14401	17035	17272	17394	17406	17412	17435	13155	13176	17447	17435	17446	17444	17435	17425	17363	17385	17381	17364	17356	17357	13155	13125	13213	17345	17332	17298	14040	13967	14028	14044	15525	14893	18466	18446	17970	17966	17966	18206	14591	13901	17986	17982	17987	17973	17961	17955	17939	17902	17807	18033	17898	17910	13902	14573	13722	18165	18218	18225	15726	15527	15521	15588	0	0	0	0	0	0	0	0	0	0	0	0	0	0	0	0	0	0	0	0	0	0	0	0	0	0	0	0	0	0	0	0	1432	846	408	1443	263	227	245	248	234	252	231	242	231	216	243	243
14443	14457	14985	17075	17369	17390	17401	17431	13268	13188	17441	17423	17435	0	17419	17414	17411	0	0	0	0	0	13156	13236	17263	17334	17323	17283	14090	14002	14079	14088	15903	15623	15564	18303	18257	18253	18262	18300	13975	14164	18021	18024	18022	18003	18002	18275	17757	0	0	0	0	0	14142	13959	18749	17941	17932	18688	15758	15560	15575	15660	0	0	0	0	0	0	0	0	0	0	0	0	0	0	0	0	0	0	0	0	0	0	0	0	0	0	0	0	0	0	0	0	1457	992	608	1339	263	226	245	247	233	252	231	241	231	216	243	242
13944	13987	13985	14442	14450	16831	16754	12747	12803	12791	12752	12739	12798	16776	16767	16764	16983	16993	16989	12795	12736	12742	12762	12744	12764	16974	16955	16797	13672	13580	13663	13654	15300	15267	15231	15170	14917	17676	17750	13581	14038	13424	13841	13748	13344	17658	17646	18031	17630	17563	17553	13339	13736	13829	13377	14026	13640	17668	17846	17848	15285	15147	15159	15213	0	0	0	0	0	0	0	0	0	0	0	0	0	0	0	0	0	0	0	0	0	0	0	0	0	0	0	0	0	0	0	0	1219	879	379	1855	263	227	245	248	233	252	231	241	230	216	242	242
14455	14457	14464	14494	14512	14532	14588	13385	13399	13402	14622	14577	14575	14568	14574	14559	14881	15170	15158	15148	15144	15155	13377	13359	13404	14624	14611	14570	14277	14190	14277	14260	16090	15886	15877	15844	15911	15808	15834	13895	14770	14381	15856	15846	16143	15838	15859	15870	15808	15820	15820	15834	15790	15808	14554	14710	13973	15844	15836	16051	15897	15750	15773	15813	0	0	0	0	0	0	0	0	0	0	0	0	0	0	0	0	0	0	0	0	0	0	0	0	0	0	0	0	0	0	0	0	1579	1096	863	3875	266	227	245	248	234	253	231	242	230	216	243	243
14067	14641	16846	17166	17225	0	0	0	12919	12822	12809	0	0	0	0	0	17192	0	0	0	19756	12809	12803	19792	17079	17188	17179	17133	13722	13653	13708	13738	14336	15048	18061	17758	17736	0	0	0	13450	14011	13918	0	0	0	0	0	17558	0	0	0	20293	13926	14014	20286	17778	17735	17702	17713	15397	15213	15205	15199	0	0	0	0	0	0	0	0	0	0	0	0	0	0	0	0	0	0	0	0	0	0	0	0	0	0	0	0	0	0	0	0	1591	840	856	998	262	227	246	248	233	252	231	241	231	216	242	243
15236	17518	17536	20329	20363	20381	20410	20462	20448	13399	20459	20459	20433	20460	20415	20405	0	0	0	0	0	0	13388	0	20271	0	20359	20316	14309	14242	14296	14324	15796	18914	18641	0	0	0	0	0	0	14107	0	0	0	0	0	0	0	0	0	0	0	0	14058	0	0	0	0	0	15928	15804	15790	15782	0	0	0	0	0	0	0	0	0	0	0	0	0	0	0	0	0	0	0	0	0	0	0	0	0	0	0	0	0	0	0	0	1092	793	723	1008	263	227	246	248	233	252	231	242	231	216	243	243
14461	14470	14999	17307	13209	13151	13158	13176	17474	17466	17451	17435	17443	17441	17425	17249	17419	0	0	0	17420	17429	17433	17431	13208	13182	13172	13223	14075	14038	14107	14098	15926	15926	15914	18436	13782	14656	15249	14188	18339	18325	18303	18241	18294	18067	18288	18288	18014	0	0	0	17856	17913	17902	17965	14259	15298	14690	13780	18465	15592	15596	15657	0	0	0	0	0	0	0	0	0	0	0	0	0	0	0	0	0	0	0	0	0	0	0	0	0	0	0	0	0	0	0	0	3713	664	468	1568	263	227	246	248	233	252	231	241	230	216	242	243
15402	17520	17812	17876	17898	0	0	0	13619	13570	13604	0	0	0	0	0	0	0	0	0	0	13589	13542	13589	17785	20430	0	17890	14464	14386	14450	14473	15946	18810	18781	18425	18419	0	0	0	14331	15147	14276	0	0	0	0	0	0	0	0	0	0	14291	15128	14323	18493	0	0	18284	16082	15947	15950	15941	0	0	0	0	0	0	0	0	0	0	0	0	0	0	0	0	0	0	0	0	0	0	0	0	0	0	0	0	0	0	0	0	1739	826	792	1066	263	227	246	247	233	252	232	242	231	216	243	243
15089	17295	17291	17592	17619	20197	20207	18002	20275	13256	20257	20239	20248	20245	20241	20230	17604	0	0	0	20145	20157	13232	20188	15469	17606	17585	17549	14158	14080	14146	14162	15575	18525	18513	18212	18158	0	0	0	0	13829	0	0	0	0	0	0	18091	0	0	0	0	0	13815	0	15753	18148	18124	18136	15776	15643	15643	15631	0	0	0	0	0	0	0	0	0	0	0	0	0	0	0	0	0	0	0	0	0	0	0	0	0	0	0	0	0	0	0	0	1389	790	619	1159	262	227	245	248	233	252	230	241	230	216	242	242
14235	14249	14255	14278	14711	14723	17061	15055	13100	13052	13085	17067	17082	17075	19878	17053	17294	17325	17328	17311	17289	13094	13033	13086	14599	17289	17274	17236	13947	13887	13951	13950	15605	15579	15564	15271	15271	15251	18372	15595	13774	14736	13665	18407	18416	18402	18399	18397	18023	17855	17681	17820	17848	13666	14730	13736	15223	17980	17929	18258	15569	15451	15443	15527	0	0	0	0	0	0	0	0	0	0	0	0	0	0	0	0	0	0	0	0	0	0	0	0	0	0	0	0	0	0	0	0	1549	857	635	2008	263	226	246	247	233	252	231	241	230	216	243	243
14623	19748	0	0	0	0	0	12839	12819	0	0	12782	0	0	0	0	0	0	0	0	12780	0	0	12801	12848	0	0	0	13698	13635	13686	13730	14913	20455	0	0	0	0	0	13328	13834	0	0	13461	0	0	0	0	0	0	0	0	13456	0	0	13837	13424	0	0	0	15317	15192	15176	15188	0	0	0	0	0	0	0	0	0	0	0	0	0	0	0	0	0	0	0	0	0	0	0	0	0	0	0	0	0	0	0	0	1585	1377	1469	817	263	227	246	248	233	253	231	242	231	216	243	243
14582	14584	14599	14624	14623	17410	14677	14727	13525	13502	14708	14739	14692	14700	14700	14682	14712	14719	14962	14954	14958	14704	13469	13485	14942	14713	14701	14669	14397	14330	14397	14373	16105	15987	15995	15959	15951	15950	15969	16015	14323	14348	15999	15995	15991	15989	15987	15985	15935	15953	15939	15949	15914	15929	14322	14291	16273	15961	15948	15939	16027	15889	15881	15925	0	0	0	0	0	0	0	0	0	0	0	0	0	0	0	0	0	0	0	0	0	0	0	0	0	0	0	0	0	0	0	0	1277	764	216	3854	265	227	245	248	233	252	231	241	231	216	243	243
14951	14958	14956	17415	17443	20176	20193	20235	20238	0	13118	13118	0	0	0	20194	0	0	0	0	13125	13111	13147	0	20093	20101	20084	20051	14030	13947	14017	14042	15569	15525	15493	18079	0	0	0	0	0	13695	14183	13699	0	0	0	0	0	0	0	0	13710	14166	13677	0	0	0	0	0	15644	15507	15514	15581	0	0	0	0	0	0	0	0	0	0	0	0	0	0	0	0	0	0	0	0	0	0	0	0	0	0	0	0	0	0	0	0	1283	973	826	1134	263	227	246	248	233	252	231	242	231	216	243	243
15402	15412	15421	17895	17918	0	0	18360	13609	13586	13604	0	0	0	0	0	0	0	0	0	0	13594	13561	13579	17877	0	0	20460	14490	14403	14487	14489	15999	15971	15739	18565	18372	0	0	18874	15229	15807	14275	0	0	0	0	0	0	0	0	0	0	14257	15726	15203	18548	0	0	0	16108	15960	15991	15952	0	0	0	0	0	0	0	0	0	0	0	0	0	0	0	0	0	0	0	0	0	0	0	0	0	0	0	0	0	0	0	0	1142	917	540	1208	263	227	246	248	233	252	231	241	231	216	243	243
14331	14339	14336	14819	17166	17225	17249	17268	13161	13127	13181	17225	17214	17203	17173	17158	17357	17383	17385	17369	17349	13181	13111	13140	14653	17358	17343	17304	14022	13938	14005	14036	15830	15820	15795	15180	18447	18039	18041	18455	14183	14348	13808	18053	18055	18037	18027	18459	18072	17965	17943	18118	17939	13815	14350	14170	15252	18271	18253	18389	15635	15498	15498	15612	0	0	0	0	0	0	0	0	0	0	0	0	0	0	0	0	0	0	0	0	0	0	0	0	0	0	0	0	0	0	0	0	1518	2014	2086	1794	264	227	246	248	234	252	231	242	230	216	243	243
14002	12766	12758	12791	16745	16867	16874	16882	12803	13903	16917	16899	16901	16887	16883	16858	16989	17003	17004	16990	16984	16991	13886	12791	16878	16993	14576	14560	13701	13629	13673	13690	15453	13871	14014	13326	18071	18037	17918	18079	13485	14462	17794	17774	17766	17696	18061	18079	17844	17692	17800	17882	17657	17692	14462	13431	18397	18370	18355	14960	15381	15192	15163	15245	0	0	0	0	0	0	0	0	0	0	0	0	0	0	0	0	0	0	0	0	0	0	0	0	0	0	0	0	0	0	0	0	1724	1000	2493	2179	264	227	245	248	234	252	231	241	230	216	242	243
17016	17083	17100	19835	19950	0	0	20062	12985	12967	0	0	0	0	0	0	0	0	0	0	0	0	12960	12967	19814	19932	19924	19889	13861	13802	13847	13881	18229	18221	18018	0	20478	0	0	0	13768	13710	0	0	0	0	0	0	0	0	0	0	0	0	13679	13736	0	20451	20425	20453	15481	15363	15350	15343	0	0	0	0	0	0	0	0	0	0	0	0	0	0	0	0	0	0	0	0	0	0	0	0	0	0	0	0	0	0	0	0	1470	961	770	928	263	227	246	248	234	252	232	242	231	216	242	243
15415	17498	17656	17898	17915	0	0	0	13642	13575	13600	0	0	0	0	0	17898	0	0	0	0	13581	13550	13606	17784	17884	17904	17845	14474	14397	14462	14484	15954	18859	18613	18509	18453	0	0	0	14194	15392	14207	0	0	0	0	0	18443	0	0	0	0	14217	15375	14180	18511	18460	18439	18451	16092	15960	15961	15952	0	0	0	0	0	0	0	0	0	0	0	0	0	0	0	0	0	0	0	0	0	0	0	0	0	0	0	0	0	0	0	0	1233	994	808	1138	262	227	246	248	233	252	231	242	231	216	243	243
14925	14936	17221	17394	20161	20170	20180	20184	13123	13107	0	0	0	0	0	0	0	0	0	0	0	0	13089	13099	20080	0	0	0	14005	13922	13983	14008	15525	15375	18343	17744	0	0	0	0	14006	13957	0	0	0	0	0	0	0	0	0	0	0	0	13907	13985	0	0	0	0	15612	15483	15486	15473	0	0	0	0	0	0	0	0	0	0	0	0	0	0	0	0	0	0	0	0	0	0	0	0	0	0	0	0	0	0	0	0	1230	920	972	1015	263	227	246	248	233	253	231	242	231	216	243	242
14573	14577	14575	16893	17021	17051	17060	17067	12825	12760	12787	19720	17081	19728	19719	19701	17049	17079	19688	19671	17063	12771	12735	12793	16951	17059	17045	17006	13654	13590	13650	13662	15169	15160	15082	17667	17665	17660	17652	17850	13361	13766	13324	20230	17632	20239	20235	20238	17627	17563	20043	20184	17596	13323	13748	13339	17664	17633	17613	17606	15295	15153	15142	15131	0	0	0	0	0	0	0	0	0	0	0	0	0	0	0	0	0	0	0	0	0	0	0	0	0	0	0	0	0	0	0	0	1422	737	652	1335	263	227	245	248	233	252	231	241	230	216	243	242
15522	15535	17742	17973	17986	0	0	18427	0	13679	0	0	0	0	0	0	0	0	0	0	0	0	13658	0	17957	0	0	0	14595	14493	14560	14597	16043	19018	18991	18939	18647	0	0	19003	0	14575	0	0	0	0	0	0	0	0	0	0	0	0	14551	0	18620	0	0	0	16201	17429	16064	16062	0	0	0	0	0	0	0	0	0	0	0	0	0	0	0	0	0	0	0	0	0	0	0	0	0	0	0	0	0	0	0	0	1117	2740	1470	1152	263	227	246	248	233	252	231	242	231	216	243	243
15122	15129	15129	17447	17634	20261	20271	13354	13341	13355	20319	20297	20308	20312	20301	20286	17634	0	0	0	0	0	13333	13305	13369	17646	17651	17608	14232	14146	14188	14234	15770	15684	15644	18229	18162	0	0	0	14366	13973	0	0	0	0	0	0	18185	0	0	0	0	0	13949	14377	13888	18201	18067	18173	15840	15706	15806	15689	0	0	0	0	0	0	0	0	0	0	0	0	0	0	0	0	0	0	0	0	0	0	0	0	0	0	0	0	0	0	0	0	1303	818	8191	1128	263	227	245	248	234	252	231	241	231	216	242	243
14999	15017	15021	17649	17800	17811	17808	17816	17870	13756	13752	13751	17836	17826	17796	17778	17779	17959	17956	17758	13744	13733	13720	17772	15270	15310	15304	15273	14642	14569	14645	14649	16215	16212	16194	18777	18794	18778	18789	18958	18620	14608	14514	14425	18561	18542	18599	18812	18601	18465	18308	18479	14442	14511	14600	18505	15887	15834	15616	16144	16317	16130	16143	16115	0	0	0	0	0	0	0	0	0	0	0	0	0	0	0	0	0	0	0	0	0	0	0	0	0	0	0	0	0	0	0	0	2529	1557	582	1673	263	227	246	248	233	252	231	242	231	216	243	243
17632	17632	17933	0	0	0	0	18457	13700	13661	13679	0	0	0	0	0	0	0	0	0	0	13676	13636	13670	17888	0	0	0	14551	14473	14541	14573	19006	19005	18935	0	0	0	0	18979	14505	15800	14339	0	0	0	0	0	0	0	0	0	0	14354	15779	14498	18578	0	0	0	16229	16031	16041	16033	0	0	0	0	0	0	0	0	0	0	0	0	0	0	0	0	0	0	0	0	0	0	0	0	0	0	0	0	0	0	0	0	2774	1469	712	992	263	227	245	247	233	253	231	242	231	216	243	243
14379	14919	14913	17199	17319	17340	17349	17376	13125	13086	17379	17363	17364	17359	17346	17346	0	0	0	0	0	0	13066	13095	17156	17261	17257	17221	14008	13925	13963	14005	15791	15792	15777	18028	17923	17896	18163	18214	13790	13912	17923	17910	17923	17907	17898	17927	0	0	0	0	0	0	13903	13768	18646	17814	17796	18122	15618	15483	15556	15528	0	0	0	0	0	0	0	0	0	0	0	0	0	0	0	0	0	0	0	0	0	0	0	0	0	0	0	0	0	0	0	0	1047	753	1789	1126	263	227	245	248	233	252	231	241	231	216	242	243
14562	14582	14578	17218	17512	17549	17553	17567	17638	13324	17604	17590	17598	17600	17579	17577	17512	17555	0	17529	17520	17510	13295	17511	14845	17491	17462	17427	14226	14151	14225	14228	16037	15755	15732	18400	18149	18134	18138	18418	18191	13987	18150	18141	18157	18138	18128	18118	18140	18069	0	18039	18065	18079	13975	18089	15348	18121	18089	18351	15844	15712	15715	15797	0	0	0	0	0	0	0	0	0	0	0	0	0	0	0	0	0	0	0	0	0	0	0	0	0	0	0	0	0	0	0	0	1500	843	362	1415	263	227	245	248	233	252	231	242	231	215	243	243
14799	14806	15218	17489	17557	17626	17641	17653	13613	13589	17665	17647	17628	17621	17621	17604	17810	17832	17855	17814	17803	17806	13570	13588	15164	17785	17770	17725	14495	14416	14476	14483	16067	16053	16043	18882	18853	18496	18500	18866	14359	14480	18525	18517	18525	18511	18505	18500	18526	18468	18176	18376	18393	18383	14457	14338	15467	18538	18489	18657	16117	15970	15970	16033	0	0	0	0	0	0	0	0	0	0	0	0	0	0	0	0	0	0	0	0	0	0	0	0	0	0	0	0	0	0	0	0	1036	821	989	1788	263	227	245	248	234	252	231	241	230	216	242	243
15171	15171	15166	17604	17621	17689	17696	13326	13366	13374	20343	20340	20348	20354	20340	20332	17691	0	0	0	0	0	13357	13333	13358	20257	20243	17676	14260	14169	14248	14250	15743	15714	15690	18587	18319	18238	18385	14003	14857	13998	0	0	0	0	0	0	18197	0	0	0	0	0	13983	14778	14069	0	0	18182	15865	15727	15742	15711	0	0	0	0	0	0	0	0	0	0	0	0	0	0	0	0	0	0	0	0	0	0	0	0	0	0	0	0	0	0	0	0	1723	1238	554	1377	263	227	246	248	233	252	231	241	231	216	243	243
14030	14582	14594	16684	16990	17006	17015	17045	12784	12772	17051	17037	17047	17043	17035	17031	16977	16991	16982	16967	16958	16965	12743	12748	12809	16930	16915	16881	13664	13574	13658	13661	14465	15147	14835	17815	17596	17592	17592	17892	13885	13677	17609	17600	17615	17600	17590	17584	17602	17522	17441	17512	17518	17530	13691	14630	13060	17556	17536	17654	15331	15140	15163	15129	0	0	0	0	0	0	0	0	0	0	0	0	0	0	0	0	0	0	0	0	0	0	0	0	0	0	0	0	0	0	0	0	1428	864	471	1246	263	227	246	248	233	252	231	242	231	216	242	244
14915	17114	17121	17403	0	0	13096	13041	13123	13077	0	0	0	0	0	0	0	0	0	0	0	0	13059	13097	13085	13111	17373	17343	13966	13910	13973	13994	15424	18243	18083	17736	0	0	13750	14124	13733	13967	0	0	0	0	0	0	0	0	0	0	0	0	13963	13733	14217	13833	17929	17935	15642	15466	15467	15457	0	0	0	0	0	0	0	0	0	0	0	0	0	0	0	0	0	0	0	0	0	0	0	0	0	0	0	0	0	0	0	0	3268	1294	911	992	263	227	246	248	233	253	231	241	231	215	243	243
16999	17087	17089	19919	19939	0	0	0	13021	12959	12996	0	0	0	0	0	0	0	0	0	0	12993	12935	13003	20145	0	0	0	13849	13796	13843	13872	18221	18069	17764	0	0	0	0	0	13592	14288	13995	0	0	0	0	0	0	0	0	0	0	13947	14243	13553	0	0	0	0	15467	15359	15343	15331	0	0	0	0	0	0	0	0	0	0	0	0	0	0	0	0	0	0	0	0	0	0	0	0	0	0	0	0	0	0	0	0	1725	902	921	949	262	227	245	248	233	252	231	242	230	216	243	243
17558	15476	15470	17742	18045	18073	0	13636	13672	13661	0	0	0	0	0	0	0	0	0	0	0	0	13650	13652	13678	18036	18016	17985	14560	14490	14551	14566	16017	16001	15967	18912	18608	18393	0	14235	15486	14433	0	0	0	0	0	0	0	0	0	0	0	0	14392	15462	14316	18566	18544	18560	16254	16045	16043	16033	0	0	0	0	0	0	0	0	0	0	0	0	0	0	0	0	0	0	0	0	0	0	0	0	0	0	0	0	0	0	0	0	1258	1032	580	1092	263	227	246	248	233	252	231	242	231	217	243	243
14858	14863	16899	17262	17287	17298	17302	13031	13025	13085	0	0	17321	0	0	0	17247	0	0	0	0	19891	13055	13004	13049	17238	17227	17192	13912	13850	13888	13925	15396	15375	18069	17892	17854	17844	17844	13582	14143	13609	0	0	17812	0	0	0	17822	0	0	0	0	20159	13594	14138	13652	17796	17776	17774	15532	15503	15388	15510	0	0	0	0	0	0	0	0	0	0	0	0	0	0	0	0	0	0	0	0	0	0	0	0	0	0	0	0	0	0	0	0	1552	853	1269	1177	262	227	246	248	233	252	231	241	231	215	243	243
14822	15366	15368	17663	17723	17749	17765	17799	13567	17826	17807	17788	17794	17791	17775	17774	17722	17750	17746	17722	17705	17709	17692	13538	15643	17660	17642	17596	14422	14368	14417	14446	16257	16252	15927	18797	18612	18362	18446	18639	18420	18402	18376	18367	18380	18363	18353	18617	18525	18308	18278	18285	18288	18296	18296	14069	16240	19085	19069	19067	16039	15928	15907	16014	0	0	0	0	0	0	0	0	0	0	0	0	0	0	0	0	0	0	0	0	0	0	0	0	0	0	0	0	0	0	0	0	1745	797	670	1564	263	227	245	248	233	252	231	241	230	216	243	243
14311	14331	14887	16967	17139	17312	17324	17346	17206	13079	17374	17361	17180	17370	17176	17169	17401	0	0	0	0	20001	13065	20017	17293	20015	19993	17302	13987	13914	13974	13990	15552	14775	15498	18341	18148	17994	17999	18315	18071	14045	18019	18022	18014	17982	17977	18180	17798	0	0	0	0	20282	14010	20329	17960	0	0	17925	15603	15474	15464	15571	0	0	0	0	0	0	0	0	0	0	0	0	0	0	0	0	0	0	0	0	0	0	0	0	0	0	0	0	0	0	0	0	1471	714	839	1358	263	227	246	248	233	252	230	241	231	216	243	242
14306	14893	16939	17139	17199	17304	17324	17357	13073	13049	13071	0	17333	17340	0	17307	17247	19896	0	0	0	13056	13018	13035	15181	17154	17157	17118	13940	13861	13938	13949	14780	15360	18325	18056	17900	17839	17830	18118	13891	14153	13632	0	17866	17684	0	17829	18017	0	0	0	0	13625	14143	13870	15738	18034	18018	18214	15558	15424	15430	15529	0	0	0	0	0	0	0	0	0	0	0	0	0	0	0	0	0	0	0	0	0	0	0	0	0	0	0	0	0	0	0	0	1435	847	558	1526	262	227	246	248	233	252	231	242	231	216	243	242
15052	15058	15059	17520	17557	20209	20223	17619	13240	13532	0	20251	20256	0	20257	20239	17606	0	0	0	20202	20194	13489	13219	13263	17602	17587	17558	14125	14069	14131	14133	15614	15609	15583	18205	18182	0	0	18513	14458	14134	0	0	0	0	0	0	18136	0	0	0	0	0	14131	14454	13684	18162	18140	18138	15748	15629	15620	15710	0	0	0	0	0	0	0	0	0	0	0	0	0	0	0	0	0	0	0	0	0	0	0	0	0	0	0	0	0	0	0	0	1232	745	411	1232	262	226	245	248	233	252	231	241	231	216	242	243
13287	13295	13258	13263	13251	13277	13305	13318	13366	13336	13342	13323	13339	13301	13296	13280	13336	13316	13292	13276	13291	13310	13323	13348	13347	13321	13291	13279	14214	14135	14228	14238	14388	14374	14763	14712	14830	14893	14151	14383	14841	14921	14377	14469	15001	14870	14735	14333	14810	14842	14822	14999	14486	14383	14945	14820	14467	14208	15340	14942	15828	15692	15728	15696	0	0	0	0	0	0	0	0	0	0	0	0	0	0	0	0	0	0	0	0	0	0	0	0	0	0	0	0	0	0	0	0	1625	576	745	1079	263	227	246	248	233	253	232	242	230	216	243	242
17163	17166	17218	17561	17579	20175	20186	13274	13256	13250	20234	20214	20232	20242	20230	20207	20171	20211	20219	20206	20170	20172	13236	13232	13307	17581	20129	17512	14139	14074	14128	14149	18521	18515	18362	18176	18134	0	0	13782	14282	14049	0	0	0	0	0	0	0	0	0	0	0	0	14026	14268	13836	18012	0	18103	15756	15634	15618	15610	0	0	0	0	0	0	0	0	0	0	0	0	0	0	0	0	0	0	0	0	0	0	0	0	0	0	0	0	0	0	0	0	1531	820	863	1181	263	227	246	248	233	252	231	241	231	216	243	242
14869	14875	15437	17708	17753	17786	17820	17878	13632	13627	17870	17858	17848	17843	17827	17819	17769	0	0	0	17756	17765	13596	13589	15752	17714	17709	17676	14500	14420	14505	14497	16303	15969	18868	18669	18673	18667	18676	18695	14584	14383	18418	18411	18424	18411	18400	18690	18630	0	0	0	18314	18341	14377	14580	16239	19129	19110	19115	16121	15981	16011	15962	0	0	0	0	0	0	0	0	0	0	0	0	0	0	0	0	0	0	0	0	0	0	0	0	0	0	0	0	0	0	0	0	2073	1023	404	1501	263	227	246	248	233	252	230	241	231	215	243	243
14632	14635	17240	17438	17603	17619	17634	13348	13380	13393	0	17646	17657	17654	17636	20275	17583	0	0	0	17577	17581	13363	13336	13369	17554	17543	17501	14265	14178	14258	14266	15739	15686	18650	18262	18245	18197	18179	13975	14678	14023	0	17950	18186	17931	18124	0	18158	0	0	0	17965	17959	14017	14631	14055	18169	18255	18376	15873	15736	15750	15808	0	0	0	0	0	0	0	0	0	0	0	0	0	0	0	0	0	0	0	0	0	0	0	0	0	0	0	0	0	0	0	0	1272	922	448	1307	262	226	246	247	233	252	231	242	230	216	243	242
15117	17163	17162	17457	17484	13195	17515	17559	17571	13237	13323	17536	17526	0	17516	17541	17423	17462	17446	17422	17390	13292	13212	17408	17294	17385	13201	13238	14129	14068	14131	14145	15392	18538	18522	18120	18079	14692	18069	18079	18128	14363	13973	18043	18081	0	17937	18043	18201	17748	0	17951	17959	14006	14407	17978	18833	18799	14768	14079	15748	15629	15619	15604	0	0	0	0	0	0	0	0	0	0	0	0	0	0	0	0	0	0	0	0	0	0	0	0	0	0	0	0	0	0	0	0	1706	727	394	1251	263	227	245	248	233	252	231	241	231	216	242	243
14686	14694	15076	17338	17489	17491	17497	17504	13516	13436	13479	17522	17512	17504	17479	17462	17459	17646	17636	17628	17451	13456	13398	13473	14940	17469	17447	17422	14345	14254	14334	14330	15919	15909	15792	18378	18347	18328	18333	18398	14101	14670	14048	18278	18288	18254	18238	18490	18322	18326	18249	18166	18189	14036	14674	14088	15581	18480	18488	18489	15952	15816	15829	15917	0	0	0	0	0	0	0	0	0	0	0	0	0	0	0	0	0	0	0	0	0	0	0	0	0	0	0	0	0	0	0	0	1198	875	408	1685	263	227	245	248	233	252	231	241	230	216	242	243
14255	14268	14272	14643	14656	17063	17067	17077	13071	13012	13035	17087	17074	17063	17039	17009	14570	17013	17010	14885	17000	13011	12981	13025	14495	14557	14550	14524	13902	13839	13900	13900	15497	15486	15472	15175	15179	18063	18067	18212	13658	14457	13632	17915	17913	17888	18048	18095	15285	18061	18051	15337	18043	13650	14477	13653	15276	15461	15443	15441	15536	15401	15393	15455	0	0	0	0	0	0	0	0	0	0	0	0	0	0	0	0	0	0	0	0	0	0	0	0	0	0	0	0	0	0	0	0	1745	734	966	2273	264	227	246	248	233	252	231	242	230	216	243	243
14917	16975	16971	19985	0	0	0	13037	13060	13074	0	0	0	0	0	0	0	0	0	0	0	0	13045	13030	13055	17413	17398	17372	13947	13871	13929	13954	15407	18321	18263	0	0	0	0	13987	14867	14048	0	0	0	0	0	0	0	0	0	0	0	0	14048	14854	14055	17692	0	17913	15562	15430	15426	15417	0	0	0	0	0	0	0	0	0	0	0	0	0	0	0	0	0	0	0	0	0	0	0	0	0	0	0	0	0	0	0	0	1253	804	576	1003	262	227	245	248	233	252	231	241	230	215	243	243
14103	14094	13644	13558	13567	13567	13589	13584	13631	13613	13592	13582	13683	0	13638	13604	13589	13631	0	13669	13602	13599	13604	13611	13622	13622	13598	13604	14485	14454	14505	14524	14623	14503	14158	14662	14608	14599	14214	14772	14959	14791	15225	14501	14225	0	14218	14605	14640	14196	0	14490	14522	15179	14815	14923	14885	14550	14596	14647	19352	16007	15994	16146	0	0	0	0	0	0	0	0	0	0	0	0	0	0	0	0	0	0	0	0	0	0	0	0	0	0	0	0	0	0	0	0	8191	776	607	1412	263	226	245	247	233	253	231	242	231	216	243	242
14965	14971	17131	17426	17451	0	0	17860	0	13133	13123	0	0	0	0	0	20071	0	0	0	0	13125	13114	0	17388	20060	20048	17462	14032	13965	14026	14046	15552	15505	18394	18373	18055	0	0	18385	0	14716	13825	0	0	0	0	0	0	0	0	0	0	13822	14674	0	18089	0	0	17996	15646	15527	15517	15519	0	0	0	0	0	0	0	0	0	0	0	0	0	0	0	0	0	0	0	0	0	0	0	0	0	0	0	0	0	0	0	0	1315	812	614	1055	261	226	245	247	233	251	230	241	231	215	243	243
16931	17079	17098	0	0	0	0	0	13020	12990	12995	0	0	0	0	0	0	0	0	0	0	12995	12975	12998	0	0	0	0	13882	13827	13876	13901	18267	18022	18010	0	0	0	0	0	13710	14413	13557	0	0	0	0	0	0	0	0	0	0	13560	14383	13827	0	0	0	0	15503	15382	15372	15363	0	0	0	0	0	0	0	0	0	0	0	0	0	0	0	0	0	0	0	0	0	0	0	0	0	0	0	0	0	0	0	0	1948	719	508	992	263	227	245	248	233	252	231	241	231	215	242	243
15181	15188	17469	17673	17684	17696	0	17724	13418	13355	13337	13381	0	0	0	0	0	0	0	0	13381	13339	13333	13397	17612	20306	20293	17677	14259	14182	14241	14275	15746	15712	18586	18231	18243	18225	0	18658	13995	14658	14503	13984	0	0	0	0	0	0	0	0	13991	14505	14614	13983	18285	0	0	18175	15877	15738	15734	15734	0	0	0	0	0	0	0	0	0	0	0	0	0	0	0	0	0	0	0	0	0	0	0	0	0	0	0	0	0	0	0	0	1534	1117	977	1115	263	227	246	248	233	252	231	242	231	216	243	243
14662	15037	15043	17305	17468	17491	17483	17481	13426	13404	17691	17665	17494	17675	17469	17449	17592	17602	17600	17588	17579	17584	13372	13387	14926	17440	17419	17391	14303	14224	14294	14296	15875	15871	15856	18305	18296	18279	18288	18616	14245	14270	18208	18210	18234	18209	18200	18201	18278	18138	18119	18115	18131	18140	14263	14239	15542	18172	18155	18445	15915	15780	15784	15754	0	0	0	0	0	0	0	0	0	0	0	0	0	0	0	0	0	0	0	0	0	0	0	0	0	0	0	0	0	0	0	0	1273	852	654	1459	263	227	246	248	233	252	231	242	230	216	243	242
14509	14522	14534	17195	17332	17343	17343	17352	13328	13283	13295	17352	17363	17360	17332	17308	17447	17474	17468	17463	17438	13279	13257	13291	14793	17341	17310	15137	14166	14108	14164	14174	15925	15747	15732	18452	18197	18186	18187	18507	13917	14507	13867	18217	18118	18101	18091	18343	18281	18155	18124	18138	18123	13863	14520	13905	15541	18274	18344	15700	15842	15667	15660	15638	0	0	0	0	0	0	0	0	0	0	0	0	0	0	0	0	0	0	0	0	0	0	0	0	0	0	0	0	0	0	0	0	2470	853	1122	1867	263	227	245	248	233	253	231	241	231	216	243	243
14401	14956	17181	17233	17317	0	0	17468	13193	13132	13162	0	17369	0	17357	17350	20222	0	0	0	0	13146	13107	13161	17149	17293	17272	17242	14034	13957	14007	14034	14843	15466	18151	17971	17967	0	0	18180	13754	14291	13720	0	17890	0	17863	17847	0	0	0	0	0	13723	14316	13743	18081	17968	17845	18036	15643	15519	15500	15495	0	0	0	0	0	0	0	0	0	0	0	0	0	0	0	0	0	0	0	0	0	0	0	0	0	0	0	0	0	0	0	0	1150	894	1583	1181	263	227	246	248	233	252	231	242	231	216	243	243
15191	17390	17571	17653	20301	20317	0	0	13412	13357	13341	0	0	0	0	0	20280	0	0	0	0	13326	13321	13376	17552	17671	20279	17603	14247	14160	14230	14265	15449	18532	18518	18175	0	0	0	0	14048	14398	14798	0	0	0	0	0	0	0	0	0	0	14783	14385	14059	18250	18150	0	18199	15900	15716	15730	16882	0	0	0	0	0	0	0	0	0	0	0	0	0	0	0	0	0	0	0	0	0	0	0	0	0	0	0	0	0	0	0	0	1826	1566	877	1077	263	227	246	248	233	252	230	242	230	216	243	243
16664	16668	16667	16971	17017	17053	17073	0	12755	12846	0	0	0	0	0	0	16945	0	0	0	16937	16926	12775	12726	12801	16897	16886	16856	13638	13568	13629	13646	18059	18055	17967	17584	17590	17569	17446	0	13912	13412	0	0	0	0	0	0	17573	0	0	0	17510	17529	13461	13935	13362	17538	17556	18275	15256	15131	15124	15112	0	0	0	0	0	0	0	0	0	0	0	0	0	0	0	0	0	0	0	0	0	0	0	0	0	0	0	0	0	0	0	0	1188	770	565	1291	262	226	246	248	233	252	231	242	230	216	242	243
14730	14730	14730	14747	14758	14772	14792	14818	13699	13683	14818	14800	14808	14804	14834	14806	14858	15458	15449	15177	14883	14891	13656	13666	14691	14717	14708	14682	14572	14507	14585	14553	16301	16157	16155	16138	16107	16106	16137	16147	14626	14531	16153	16145	16153	16145	16139	16134	16107	16119	16115	16105	16080	15287	14505	14585	16124	16125	16108	16103	16229	16071	16077	16096	0	0	0	0	0	0	0	0	0	0	0	0	0	0	0	0	0	0	0	0	0	0	0	0	0	0	0	0	0	0	0	0	1504	727	161	8191	265	227	245	247	233	252	230	242	229	215	243	242
14959	14971	17170	20041	20155	20178	20188	20199	13131	13109	13181	0	0	0	0	20174	0	0	0	0	0	0	13101	13118	0	0	0	0	14012	13955	13995	14028	15513	15482	18327	0	0	0	0	0	14135	14225	13718	0	0	0	0	0	0	0	0	0	0	0	14186	14080	0	0	0	0	15687	15517	15498	15490	0	0	0	0	0	0	0	0	0	0	0	0	0	0	0	0	0	0	0	0	0	0	0	0	0	0	0	0	0	0	0	0	1658	746	918	971	263	227	245	248	234	252	231	241	230	216	242	242
14889	17073	17073	17474	19824	19955	20157	17851	13054	0	0	0	0	0	0	19828	0	0	0	0	0	0	0	13039	19926	20038	20029	19985	13932	13855	13924	13940	15253	18370	18355	18002	0	0	0	18296	13615	0	0	0	0	0	0	20316	0	0	0	0	0	0	0	13585	0	0	0	0	15546	15416	15419	15413	0	0	0	0	0	0	0	0	0	0	0	0	0	0	0	0	0	0	0	0	0	0	0	0	0	0	0	0	0	0	0	0	1457	1028	510	1088	262	226	245	248	233	252	231	241	230	216	243	242
14124	14131	14480	16929	16938	16955	16959	16945	12941	12859	12908	17126	16979	17138	16966	16949	16901	17049	17051	17033	16889	12877	12815	12891	14369	16893	16874	14683	13758	13669	13748	13749	15344	15321	15306	17799	17649	17643	17649	17734	13483	14108	13448	17653	17680	17625	17652	17652	17715	17666	17645	17626	17596	13444	14098	13466	15022	17789	17846	15271	15417	15234	15246	15213	0	0	0	0	0	0	0	0	0	0	0	0	0	0	0	0	0	0	0	0	0	0	0	0	0	0	0	0	0	0	0	0	1306	913	532	1579	263	226	246	248	233	252	231	241	231	216	242	243
15582	15602	15614	18035	18075	18091	18116	18113	13825	13752	0	0	0	0	0	0	18103	0	0	0	0	0	13731	13798	17978	18122	18099	18070	14649	14592	14647	14663	16486	16311	16017	18754	18686	18633	18444	19002	14336	14747	0	0	0	0	0	0	18622	0	0	0	0	0	14730	14316	18682	18575	18615	18620	16272	16155	16140	16127	0	0	0	0	0	0	0	0	0	0	0	0	0	0	0	0	0	0	0	0	0	0	0	0	0	0	0	0	0	0	0	0	1494	809	723	1084	263	227	246	248	233	252	230	241	231	216	242	243
14205	14755	14764	16977	17158	17179	17192	12895	12928	12933	17229	17212	17215	17205	17196	17185	0	0	0	0	0	0	12913	12893	12921	19948	19936	17043	13814	13737	13802	13810	15315	15298	15245	17830	17803	17762	17772	13532	14239	13570	17757	17740	17756	17721	17711	17705	0	0	0	0	0	0	13546	14200	13574	20378	20451	17632	15428	15291	15295	15276	0	0	0	0	0	0	0	0	0	0	0	0	0	0	0	0	0	0	0	0	0	0	0	0	0	0	0	0	0	0	0	0	1356	1005	873	1137	263	227	245	248	233	252	230	241	231	215	243	243
14372	14405	14417	14845	14837	17236	17236	17251	13244	13191	17276	17244	17208	17208	19995	17186	17403	17424	17422	17408	17394	17401	13161	13213	14726	17371	17352	17236	14099	14007	14079	14075	15682	15667	15652	15608	15385	18311	18462	18479	13850	14076	18107	18106	18099	18083	18102	18487	18063	0	17986	18010	17982	17981	14046	13817	15339	18268	18294	18284	15712	15566	15575	15644	0	0	0	0	0	0	0	0	0	0	0	0	0	0	0	0	0	0	0	0	0	0	0	0	0	0	0	0	0	0	0	0	1101	823	715	2090	263	227	246	248	233	253	231	241	230	215	243	242
15136	15137	17353	17617	17627	0	0	0	0	13282	0	0	0	0	0	0	17608	0	0	0	0	0	13253	0	17514	17623	17617	17592	14189	14113	14181	14196	15670	15657	18550	18243	18163	0	0	0	0	13941	0	0	0	0	0	0	18187	0	0	0	0	0	13932	0	18233	18200	18181	18176	15804	15675	15673	15658	0	0	0	0	0	0	0	0	0	0	0	0	0	0	0	0	0	0	0	0	0	0	0	0	0	0	0	0	0	0	0	0	1214	874	564	1135	262	227	246	248	233	252	231	242	231	216	243	242
14794	15343	15337	17619	13531	13493	13517	13570	13557	13540	13582	17775	17787	17787	17766	17667	17732	17754	0	0	17722	13560	13529	13534	13586	13546	13516	13529	14431	14381	14437	14449	16201	16205	16190	18800	14101	14551	14249	14098	14516	14589	14121	18356	18378	18353	18332	18353	18399	18294	0	0	18282	14104	14577	14489	14157	14319	14603	14116	16041	15932	15921	15987	0	0	0	0	0	0	0	0	0	0	0	0	0	0	0	0	0	0	0	0	0	0	0	0	0	0	0	0	0	0	0	0	1677	714	826	1655	263	226	245	248	233	252	230	241	231	216	243	243
14116	14131	14189	16811	14595	16975	16982	12939	12945	12953	17012	16991	16971	16959	16947	16922	16973	17131	17129	16967	16975	16973	12929	12903	12958	16978	16950	14814	13819	13746	13820	13810	15412	15369	15351	18199	14975	17798	17798	13437	14045	13695	17838	17827	17843	17829	17823	17815	17812	17780	17677	17931	17688	17692	13682	14042	13514	18000	17987	15140	15442	15308	15312	15365	0	0	0	0	0	0	0	0	0	0	0	0	0	0	0	0	0	0	0	0	0	0	0	0	0	0	0	0	0	0	0	0	1479	774	446	1817	263	226	245	248	233	252	230	242	230	216	243	242
14323	14334	14345	17067	17152	17179	17182	17182	13168	13111	13129	17252	17225	17221	17210	17182	0	0	0	0	0	13129	13081	13155	17339	20042	20015	19983	14012	13920	13999	14012	15787	15552	14734	18400	18059	18037	18047	18371	13707	14339	13673	18057	18067	18055	18043	18191	0	0	0	0	0	13669	14327	13665	17909	0	0	0	15624	15479	15500	15480	0	0	0	0	0	0	0	0	0	0	0	0	0	0	0	0	0	0	0	0	0	0	0	0	0	0	0	0	0	0	0	0	1146	1068	814	1304	263	226	245	247	233	252	230	241	230	216	242	242
14704	14716	14718	14772	13542	13498	13527	13525	13588	17588	17571	17545	17563	17555	17547	15360	15026	15085	15309	15030	15033	15046	15029	13540	13540	13537	13504	13519	14414	14368	14440	14429	16121	15980	15971	15941	14040	15598	14116	14593	14249	18843	18824	18815	18818	18807	18806	18879	15941	15859	15886	15919	15816	15894	15911	14127	14761	14145	15631	14052	16029	15919	15932	15984	0	0	0	0	0	0	0	0	0	0	0	0	0	0	0	0	0	0	0	0	0	0	0	0	0	0	0	0	0	0	0	0	4012	1119	721	2952	264	227	246	248	233	252	231	241	230	215	242	243
14964	14973	14985	17631	17754	17758	17907	17753	13779	13740	17822	17946	17790	17786	17782	17769	17925	0	0	0	17941	17937	13716	13746	15894	17830	17806	17780	14611	14566	14628	14619	16455	16453	16368	18979	18789	18786	18796	18823	14505	14588	18815	18806	18815	18762	18796	18798	18702	0	0	0	18245	18368	14559	14493	16222	18705	18933	19231	16300	16127	16121	16203	0	0	0	0	0	0	0	0	0	0	0	0	0	0	0	0	0	0	0	0	0	0	0	0	0	0	0	0	0	0	0	0	2851	789	768	1716	262	226	245	247	232	251	230	240	229	214	241	241
14121	16913	17196	19843	19896	19923	19924	20022	19987	12882	0	0	0	0	0	19934	19867	19896	0	19870	19862	19868	12859	19882	17297	19837	19819	19786	13788	13714	13770	13801	14499	17748	17702	0	0	20416	20431	0	20418	13921	0	0	0	0	0	20429	20451	20371	0	20391	20404	20414	13912	20418	17782	20470	20453	20447	15404	15275	15269	15262	0	0	0	0	0	0	0	0	0	0	0	0	0	0	0	0	0	0	0	0	0	0	0	0	0	0	0	0	0	0	0	0	1274	1138	809	1143	263	227	245	248	234	252	231	241	230	216	243	243
14465	14775	14787	17251	17257	17279	17408	17453	17479	13195	13220	17443	17294	17450	17275	17252	17193	17199	17199	17184	17176	13181	13153	13203	14669	14729	15056	14694	14085	14009	14076	14068	15679	15624	15605	18113	18067	18036	18053	18059	18039	14278	13751	17971	18002	17971	17971	18013	18227	18236	18223	18216	18210	13747	14280	13747	15500	15256	15437	15599	15707	15573	15571	15633	0	0	0	0	0	0	0	0	0	0	0	0	0	0	0	0	0	0	0	0	0	0	0	0	0	0	0	0	0	0	0	0	1531	721	576	1744	263	226	246	248	233	252	231	241	230	215	243	243
14450	14468	15017	17100	17236	17397	17406	13257	13244	13278	17457	17446	17277	17284	17275	17258	17415	0	0	0	0	0	13261	13217	13287	17320	17313	17278	14129	14066	14131	14122	15950	15680	15657	18465	18295	18282	18292	13792	14309	13845	18124	18238	18281	18059	18053	18359	18208	0	0	0	0	0	13830	14284	13863	18734	18728	18735	15789	15622	15616	15650	0	0	0	0	0	0	0	0	0	0	0	0	0	0	0	0	0	0	0	0	0	0	0	0	0	0	0	0	0	0	0	0	1353	744	424	1717	263	227	245	247	233	252	230	242	229	215	242	242
15359	17577	17581	17987	0	0	0	0	13549	13570	0	0	0	0	0	0	0	0	0	0	0	0	13573	13532	17837	0	0	0	14427	14372	14421	14450	15866	18840	18544	18438	0	0	0	0	14452	14219	0	0	0	0	0	0	0	0	0	0	0	0	14189	14423	18427	0	0	0	16121	15932	15916	15906	0	0	0	0	0	0	0	0	0	0	0	0	0	0	0	0	0	0	0	0	0	0	0	0	0	0	0	0	0	0	0	0	1577	897	626	971	262	227	245	248	233	252	231	241	230	216	243	242
14975	14985	15001	17640	17646	17761	17669	17675	13782	13764	13792	17812	17792	17784	17795	17774	18005	18024	18024	18010	17998	13784	13742	13747	17763	18003	17981	17949	14649	14594	14657	14646	16474	16333	16183	19073	19076	19061	19067	19091	14655	14764	14311	18684	18682	18669	18656	19087	18622	18597	18571	18571	18577	14313	14708	14649	18639	18874	18893	18993	16311	16151	16146	16201	0	0	0	0	0	0	0	0	0	0	0	0	0	0	0	0	0	0	0	0	0	0	0	0	0	0	0	0	0	0	0	0	1736	778	510	1722	263	227	245	247	233	252	230	242	230	216	243	243
15261	15269	17466	17506	17715	0	17815	17774	20389	13424	0	0	0	0	0	0	0	0	0	0	0	0	13406	0	17484	17824	17782	17608	14324	14263	14315	14346	15798	15746	18677	18356	18326	0	0	18613	0	14348	0	0	0	0	0	0	0	0	0	0	0	0	14345	0	18382	0	18258	18330	15940	15824	15809	15798	0	0	0	0	0	0	0	0	0	0	0	0	0	0	0	0	0	0	0	0	0	0	0	0	0	0	0	0	0	0	0	0	1569	838	690	1164	262	227	246	248	233	252	231	242	230	216	243	242
14578	14597	14606	17240	17365	17375	17383	13376	13355	13335	13372	17411	17400	17401	17394	17379	17547	0	0	0	0	13370	13312	13327	13420	17480	17469	17434	14232	14162	14230	14236	16055	15779	15692	18574	18407	18405	18409	13874	14301	15013	13941	18419	18419	18172	18418	18412	18238	0	0	0	0	13939	14999	14274	18888	18134	18306	18435	15888	15723	15716	15794	0	0	0	0	0	0	0	0	0	0	0	0	0	0	0	0	0	0	0	0	0	0	0	0	0	0	0	0	0	0	0	0	1950	707	664	1587	263	227	246	248	233	252	230	242	231	216	243	242
14853	14871	15407	17477	17748	17769	17787	13631	13613	13677	17832	17820	17825	17803	17798	17766	17827	0	0	0	0	0	13650	13577	13654	17723	17723	17687	14507	14431	14501	14500	16324	15191	15959	18643	18658	18643	18662	14177	15525	14221	18425	18411	18432	18411	18414	18667	18546	0	0	0	0	0	14207	15504	14247	19028	19097	19115	16125	15988	15991	15962	0	0	0	0	0	0	0	0	0	0	0	0	0	0	0	0	0	0	0	0	0	0	0	0	0	0	0	0	0	0	0	0	1157	797	553	1682	262	226	245	247	233	252	231	241	231	216	243	242
16911	16931	16946	0	0	0	0	0	12901	12809	12893	0	0	0	0	0	17081	0	0	0	0	12817	12795	12822	16858	17042	17075	16994	13709	13644	13670	13717	18051	17862	17819	0	0	0	0	0	13577	14147	13438	0	0	0	0	0	17688	0	0	0	0	13466	14151	13575	17872	17744	17700	17818	15397	15203	15166	15289	0	0	0	0	0	0	0	0	0	0	0	0	0	0	0	0	0	0	0	0	0	0	0	0	0	0	0	0	0	0	0	0	1369	770	3100	1240	263	226	245	248	233	251	231	241	230	216	242	242
14616	14620	15151	17257	17533	17550	17563	17583	13378	17623	17604	17597	17606	17596	17586	17422	17596	0	0	0	0	0	0	0	17449	17528	17515	17479	14251	14195	14260	14265	16105	16098	15971	18620	18583	18438	18441	18570	13909	18483	18471	18470	18470	18301	18452	18508	18093	0	0	0	0	0	0	0	18928	18136	18289	18804	15865	15756	15750	15719	0	0	0	0	0	0	0	0	0	0	0	0	0	0	0	0	0	0	0	0	0	0	0	0	0	0	0	0	0	0	0	0	1737	839	540	1432	263	226	245	248	233	252	231	241	230	216	242	243
14849	14851	17070	17372	17390	0	0	17768	13065	13026	0	0	0	0	0	0	17339	0	0	0	17360	17364	13003	13031	17246	17347	17338	17315	13924	13849	13907	13934	15399	15390	18266	17951	17930	0	0	0	13825	14243	0	0	0	0	0	0	17913	0	0	0	17839	17831	14247	13804	17957	17929	17906	17900	15646	15408	15404	15396	0	0	0	0	0	0	0	0	0	0	0	0	0	0	0	0	0	0	0	0	0	0	0	0	0	0	0	0	0	0	0	0	1334	1036	810	1077	263	227	245	247	233	252	230	241	230	216	243	242
15499	17663	17923	17977	0	0	0	0	13642	0	0	0	0	0	0	0	0	0	0	0	0	0	0	13611	17896	17915	17908	17882	14515	14467	14504	14546	15941	18872	18579	18508	0	0	0	0	15238	0	0	0	0	0	0	0	0	0	0	0	0	0	0	15220	18579	18527	18504	18510	16199	16029	16010	16001	0	0	0	0	0	0	0	0	0	0	0	0	0	0	0	0	0	0	0	0	0	0	0	0	0	0	0	0	0	0	0	0	3396	821	879	1097	263	227	245	248	233	253	231	242	231	215	243	242
15478	17636	17700	17975	0	0	0	0	13695	13638	0	0	0	0	0	0	0	0	0	0	0	0	13608	13670	17913	18025	18029	17985	14551	14455	14519	14546	16023	18937	18896	18612	0	0	0	0	14247	15514	0	0	0	0	0	0	0	0	0	0	0	0	15490	14218	18601	18514	0	18536	16167	16017	16021	16013	0	0	0	0	0	0	0	0	0	0	0	0	0	0	0	0	0	0	0	0	0	0	0	0	0	0	0	0	0	0	0	0	541	868	800	1046	261	225	244	247	232	251	230	240	229	215	242	242
14593	14599	14595	17268	17403	17410	17423	17441	13436	13366	13426	17417	17422	17420	17407	17399	17594	17612	17612	17596	17588	13434	13351	13419	14896	17522	17563	17335	14265	14207	14259	14280	15859	15848	15816	18667	18627	18275	18282	18662	14289	14987	13955	18305	18305	18281	18278	18286	18263	18184	18178	18165	18161	13930	14975	14280	15528	18185	18454	18446	15881	15762	15748	15826	0	0	0	0	0	0	0	0	0	0	0	0	0	0	0	0	0	0	0	0	0	0	0	0	0	0	0	0	0	0	0	0	1884	882	959	1790	263	227	245	248	233	252	231	241	230	215	242	243
15254	15261	17690	17779	20424	0	0	18178	13450	13402	0	0	0	0	0	0	17795	20381	20383	20375	20359	20370	13385	13424	17656	17782	17770	17742	14298	14238	14304	14321	15783	15724	18687	18329	0	0	0	18655	14597	14819	0	0	0	0	0	0	0	0	0	0	0	0	14806	14606	18367	18318	18275	18304	15936	15796	15794	15778	0	0	0	0	0	0	0	0	0	0	0	0	0	0	0	0	0	0	0	0	0	0	0	0	0	0	0	0	0	0	0	0	2131	881	657	1108	262	226	246	248	233	252	231	241	230	216	243	242
15292	17571	17579	0	0	0	0	13520	13485	13475	0	0	0	0	0	0	0	0	0	0	0	0	13474	13466	0	0	0	0	14379	14307	14357	14389	15822	18628	18308	0	0	0	0	14045	14775	14485	0	0	0	0	0	0	0	0	0	0	0	0	14442	14712	0	0	0	0	15997	15863	15852	15852	0	0	0	0	0	0	0	0	0	0	0	0	0	0	0	0	0	0	0	0	0	0	0	0	0	0	0	0	0	0	0	0	674	708	591	889	262	227	245	247	233	252	232	241	231	216	243	243
14693	14692	14682	17464	17765	17803	17819	13536	13532	13515	17874	17859	17872	17878	17855	17642	17851	0	0	0	20421	17860	13504	13512	13574	17850	17818	17768	14406	14343	14408	14415	15943	15939	15919	18824	18826	18811	18806	13999	14551	14391	18618	18745	18716	18503	18500	18816	18424	0	0	0	0	18264	14392	14512	13951	18424	18407	18410	16059	15900	15900	15883	0	0	0	0	0	0	0	0	0	0	0	0	0	0	0	0	0	0	0	0	0	0	0	0	0	0	0	0	0	0	0	0	1762	1067	821	1407	263	226	246	248	233	252	231	242	230	216	243	243
14142	14146	14146	14149	14512	14541	14573	12989	13016	12999	17006	14714	14728	16998	16986	14845	14475	14480	14470	14458	14465	14461	12967	12974	13008	14454	14436	14415	13900	13817	13885	13874	15560	15560	15550	15522	15374	15369	15380	13621	14396	14034	18271	15062	15212	18065	18249	15514	15474	15374	15484	15481	15324	15335	14023	14343	13692	15500	15488	15480	15517	15370	15374	15425	0	0	0	0	0	0	0	0	0	0	0	0	0	0	0	0	0	0	0	0	0	0	0	0	0	0	0	0	0	0	0	0	1392	737	479	3167	264	226	245	248	233	251	230	241	229	216	243	243
14794	14798	14795	17098	17276	17349	17376	17321	13033	12964	13002	19926	19940	19934	19927	0	17307	19910	19898	19883	19875	13000	12939	13011	17186	17297	17280	17244	13859	13798	13861	13870	15381	15352	15321	18201	17892	17884	17839	18238	13642	14274	13584	0	0	0	20472	0	17830	20435	20405	20424	20435	13581	14231	13625	17884	17849	17829	17826	15560	15362	15355	15345	0	0	0	0	0	0	0	0	0	0	0	0	0	0	0	0	0	0	0	0	0	0	0	0	0	0	0	0	0	0	0	0	1407	835	590	1276	262	226	245	248	233	252	231	241	231	216	243	243
14149	14166	14727	16974	17010	17173	17275	17305	12959	12939	17369	19914	17219	19914	17071	17061	19871	0	0	0	19856	19867	12927	12928	17148	19861	17287	17265	13836	13760	13827	13830	15659	15358	15335	18227	17902	17894	17890	18308	14494	13595	17856	20455	17690	20455	17681	17874	20411	0	0	0	20351	20370	13539	13612	17872	20445	17640	17812	15451	15322	15319	15297	0	0	0	0	0	0	0	0	0	0	0	0	0	0	0	0	0	0	0	0	0	0	0	0	0	0	0	0	0	0	0	0	1542	788	505	1395	263	227	246	248	233	252	231	242	230	216	243	243
14547	14570	14588	14931	14956	17376	17381	17400	13428	13347	13328	13364	17400	17395	17379	17373	14867	14879	17329	17321	13342	13303	13303	13368	14802	14850	14839	14812	14232	14154	14236	14228	15907	15799	15783	15742	15492	18397	18400	18403	13991	14724	14881	13967	18420	18407	18407	18570	15625	15292	18363	18492	13965	14927	14689	13969	15461	15742	15727	15723	15904	15714	15732	15793	0	0	0	0	0	0	0	0	0	0	0	0	0	0	0	0	0	0	0	0	0	0	0	0	0	0	0	0	0	0	0	0	1792	1209	917	2415	264	227	245	248	233	252	231	241	231	216	243	243
15296	15305	17350	17640	17673	17717	17731	17757	13489	13469	20373	17748	17756	17756	17742	17734	17690	0	0	0	0	0	13445	13458	15624	17629	17615	17584	14366	14290	14372	14372	16190	15861	18732	18300	18303	18285	18292	18574	14470	14426	18303	18290	18311	18290	18281	18271	18213	0	0	0	0	0	14417	14457	16155	18248	18226	18415	15980	15845	15875	15834	0	0	0	0	0	0	0	0	0	0	0	0	0	0	0	0	0	0	0	0	0	0	0	0	0	0	0	0	0	0	0	0	1336	1301	521	1269	262	227	246	248	233	252	230	241	230	215	242	243
17757	17799	0	0	0	0	0	13677	13691	13715	0	0	0	0	0	0	0	0	0	0	0	0	13699	13660	13706	0	0	0	14575	14496	14554	14593	18684	18057	0	0	0	0	0	14333	15136	14354	0	0	0	0	0	0	0	0	0	0	0	0	14329	15093	14399	0	0	0	16229	16056	16053	16057	0	0	0	0	0	0	0	0	0	0	0	0	0	0	0	0	0	0	0	0	0	0	0	0	0	0	0	0	0	0	0	0	1692	982	801	875	263	227	246	248	234	252	231	242	231	217	243	243
14014	14578	14573	16915	16966	16978	16994	17017	12843	12791	17029	17015	17025	17021	17007	17003	0	0	0	0	0	0	12768	12819	14965	16923	16913	16880	13682	13618	13682	13682	15525	15514	15207	17872	17859	17840	17862	17886	13461	13688	17613	17627	17615	17600	17588	17870	0	0	0	0	0	0	13669	13434	18352	17550	18200	18295	15310	15184	15177	15144	0	0	0	0	0	0	0	0	0	0	0	0	0	0	0	0	0	0	0	0	0	0	0	0	0	0	0	0	0	0	0	0	1427	790	473	1462	263	227	246	248	234	253	231	242	231	216	243	243
13975	14540	14543	16795	16811	17079	17091	16824	12767	12750	19778	19763	19726	19744	19736	19717	0	0	0	0	0	0	12742	12750	19725	0	19720	19673	13649	13568	13625	13656	15509	15489	15167	18024	18006	17703	17835	18140	13819	13796	20310	20280	20323	20280	20271	20312	0	0	0	0	0	0	13774	13800	20296	0	20160	20258	15269	15131	15122	15212	0	0	0	0	0	0	0	0	0	0	0	0	0	0	0	0	0	0	0	0	0	0	0	0	0	0	0	0	0	0	0	0	1171	783	681	1403	263	227	246	249	234	252	231	242	231	216	243	243
14782	15352	15355	17589	17740	17765	17776	13525	13560	13542	17811	17794	17811	17803	17790	17788	0	0	0	0	0	0	13527	13536	13572	0	0	17715	14442	14372	14446	14442	16307	16299	15997	18802	18635	18573	18622	14078	14898	14771	18407	18388	18414	18385	18366	18613	0	0	0	0	0	0	14750	14835	14152	0	0	18291	16069	15928	15943	15907	0	0	0	0	0	0	0	0	0	0	0	0	0	0	0	0	0	0	0	0	0	0	0	0	0	0	0	0	0	0	0	0	1415	1210	404	1284	263	227	246	249	234	253	231	243	231	217	243	243
15485	15492	17748	0	0	0	0	0	0	13628	0	0	0	0	0	0	0	0	0	0	0	0	13612	0	17900	0	0	0	14530	14465	14518	14549	16013	15985	18886	0	0	0	0	0	0	14297	0	0	0	0	0	0	0	0	0	0	0	0	14255	0	18563	0	0	0	16151	16019	16013	16010	0	0	0	0	0	0	0	0	0	0	0	0	0	0	0	0	0	0	0	0	0	0	0	0	0	0	0	0	0	0	0	0	1335	825	824	953	263	227	246	248	234	253	231	242	231	216	244	243
15015	15039	17193	17510	17562	0	0	17903	13194	13176	0	0	0	0	0	0	0	0	0	0	0	0	13161	13172	17453	20154	20143	17514	14073	14016	14068	14092	15624	18461	18453	18418	18407	0	0	18470	14086	14048	0	0	0	0	0	0	0	0	0	0	0	0	14042	14074	18130	0	0	18047	15748	15577	15562	15552	0	0	0	0	0	0	0	0	0	0	0	0	0	0	0	0	0	0	0	0	0	0	0	0	0	0	0	0	0	0	0	0	2293	729	623	1089	263	228	246	249	235	252	232	242	232	217	243	243
14316	14378	14889	17060	17167	17170	17177	13119	13116	13148	17408	17232	17210	17206	17197	17185	0	0	0	0	0	0	13151	13096	17271	17412	17377	17327	14007	13930	13983	14014	15858	15854	15840	18443	18345	18205	18213	13636	14586	13708	18234	18223	18230	18223	18223	18275	0	0	0	0	0	0	13695	14547	17976	17842	17923	17929	15673	15492	15480	15478	0	0	0	0	0	0	0	0	0	0	0	0	0	0	0	0	0	0	0	0	0	0	0	0	0	0	0	0	0	0	0	0	1022	852	1185	1544	264	228	246	249	233	253	231	242	231	216	243	243
14763	14778	14796	14831	15239	15264	15273	15284	15337	13628	13660	15317	15337	15339	15337	15315	17819	17843	17842	17827	17812	13691	13600	17666	15135	15540	15508	15179	14524	14454	14527	14508	16142	16142	16136	16114	15820	15814	16130	16149	15879	14693	14361	15824	15834	15759	15811	16117	18639	18501	18400	18468	18411	14348	14666	18432	15781	15911	16045	18729	16152	16021	16018	16082	0	0	0	0	0	0	0	0	0	0	0	0	0	0	0	0	0	0	0	0	0	0	0	0	0	0	0	0	0	0	0	0	1307	884	437	2313	264	227	246	249	234	252	231	242	231	217	243	243
15398	15412	15411	17724	17756	17770	17783	17806	13642	13586	13609	17808	17816	17812	17798	17799	17783	0	0	0	0	13590	13554	13604	15732	17698	17679	17648	14479	14408	14474	14473	16315	16316	16173	18768	18432	18423	18424	18665	14215	14722	14175	18398	18424	18405	18396	18381	18412	0	0	0	0	14166	14726	14192	16270	18965	18696	19083	16104	15974	15969	15945	0	0	0	0	0	0	0	0	0	0	0	0	0	0	0	0	0	0	0	0	0	0	0	0	0	0	0	0	0	0	0	0	1592	940	631	1428	263	227	246	248	234	253	231	242	231	216	243	243
14747	16955	16954	16987	17279	19920	12915	12894	12951	0	0	0	0	0	0	19940	17283	0	0	0	0	0	0	12921	12934	12941	17260	17224	13849	13764	13825	13842	15233	18187	18176	17891	17829	20414	13494	14038	13688	0	0	0	0	0	0	20385	17823	0	0	0	0	0	0	13680	14154	13548	17833	17828	15459	15321	15322	15310	0	0	0	0	0	0	0	0	0	0	0	0	0	0	0	0	0	0	0	0	0	0	0	0	0	0	0	0	0	0	0	0	387	788	558	1130	263	227	245	248	234	252	231	242	231	217	243	243
14053	14058	14067	14517	14520	14524	14536	12936	12897	12882	16895	14559	14568	16880	16874	16862	16946	17100	17096	17089	17075	16939	12871	12869	12975	16953	14778	14737	13768	13706	13766	13776	15409	15392	15374	15290	15085	15074	15070	13395	13915	13786	18148	18208	14952	18199	18203	18199	17962	17819	17778	17967	17671	17732	13772	13870	13245	17987	15295	15322	15390	15268	15256	15338	0	0	0	0	0	0	0	0	0	0	0	0	0	0	0	0	0	0	0	0	0	0	0	0	0	0	0	0	0	0	0	0	1909	870	647	2239	264	228	246	248	234	253	231	242	231	217	243	243
15017	17230	17239	17532	17573	20199	20211	17926	20278	13193	0	20230	0	0	20230	20217	20149	0	0	0	0	20167	13180	13188	17442	17562	17551	17518	14080	14033	14082	14104	15608	18473	18456	18420	18087	0	0	18387	14073	14003	0	0	0	0	0	0	0	0	0	0	0	20456	13991	14074	18152	18101	18001	18086	15692	15594	15577	15564	0	0	0	0	0	0	0	0	0	0	0	0	0	0	0	0	0	0	0	0	0	0	0	0	0	0	0	0	0	0	0	0	1772	915	656	1141	264	227	246	248	233	253	231	242	231	216	243	243
14095	14119	14464	14771	16899	16907	16913	14819	12908	12869	12873	16935	16921	16909	16897	16886	17056	17071	17063	17047	17039	12861	12837	12870	14349	16908	16870	14710	13757	13693	13758	13752	15344	15339	15330	15132	17799	17756	17756	15220	13564	14161	13513	17772	17778	17766	17757	17933	17831	17704	17680	17731	17667	13502	14138	13564	15011	17943	17929	15207	15381	15260	15254	15322	0	0	0	0	0	0	0	0	0	0	0	0	0	0	0	0	0	0	0	0	0	0	0	0	0	0	0	0	0	0	0	0	1471	801	821	1797	264	228	246	249	234	253	231	243	231	217	244	244
14179	14740	14739	16832	17112	17126	17138	16893	12974	12939	12939	17169	17179	17170	17155	17007	17124	0	0	0	17100	12935	12915	12944	16976	17084	17070	17043	13836	13776	13825	13838	15686	15470	15281	18189	18186	18003	18019	18033	13744	14889	13562	17894	17808	17770	17761	18027	17756	0	0	0	17647	13575	14883	13644	18502	17759	18173	18446	15453	15345	15322	15305	0	0	0	0	0	0	0	0	0	0	0	0	0	0	0	0	0	0	0	0	0	0	0	0	0	0	0	0	0	0	0	0	1580	751	1164	1476	264	228	246	249	234	252	232	242	231	217	244	243
14226	14280	14280	14289	14726	14751	17044	13049	13071	13074	17075	17047	17070	17061	17045	17023	17252	17277	17273	17258	17257	17257	13069	13039	13083	17118	17084	17055	13955	13871	13949	13934	15625	15507	15496	15443	15267	15098	18091	13642	14873	13985	18134	17983	17955	17937	18094	18329	17975	17864	17839	17830	17839	17844	13973	14826	13656	18091	18136	18130	15569	15428	15442	15496	0	0	0	0	0	0	0	0	0	0	0	0	0	0	0	0	0	0	0	0	0	0	0	0	0	0	0	0	0	0	0	0	1189	878	458	2020	264	227	247	249	234	253	232	242	231	217	243	244
14923	14930	17013	17391	17438	17468	17489	13090	13114	13125	0	0	0	0	0	0	0	0	0	0	0	0	13114	13088	13125	17448	17434	17411	13998	13916	13981	14001	15470	15446	18359	18049	18052	17955	17843	13632	14170	13736	0	0	0	0	0	0	0	0	0	0	0	0	13710	14155	13698	17892	17933	17967	15607	15472	15476	15466	0	0	0	0	0	0	0	0	0	0	0	0	0	0	0	0	0	0	0	0	0	0	0	0	0	0	0	0	0	0	0	0	1114	895	644	1057	263	228	246	249	234	253	231	242	231	217	243	243
13960	13983	13991	14023	14053	14430	14466	14462	14547	12813	16819	14517	16814	16808	16788	14518	14320	14345	14336	14306	14304	14311	12778	14313	14295	14301	14284	14261	13714	13639	13717	13700	15398	15251	15243	15206	15133	15015	15005	15347	15070	14495	17902	14790	17896	17878	18134	14778	15164	15151	15148	15181	15118	15186	14506	15209	15230	15219	15202	15203	15348	15205	15208	15267	0	0	0	0	0	0	0	0	0	0	0	0	0	0	0	0	0	0	0	0	0	0	0	0	0	0	0	0	0	0	0	0	1142	700	369	2751	265	228	247	249	235	252	232	242	231	217	243	243
14086	14086	16740	17092	17154	19737	0	12857	12853	12863	0	0	19794	0	0	0	19800	0	0	0	0	0	12854	12836	12890	19761	19789	17025	13724	13679	13729	13748	15420	15214	18093	17768	17766	20223	0	13383	13979	13576	0	0	0	0	0	0	20242	0	0	0	0	0	13562	13961	13440	20344	20274	17706	15394	15241	15222	15207	0	0	0	0	0	0	0	0	0	0	0	0	0	0	0	0	0	0	0	0	0	0	0	0	0	0	0	0	0	0	0	0	2374	914	610	1110	264	228	247	249	234	254	232	243	232	217	243	243
14770	14795	15336	17554	17696	17719	17732	13536	13534	13532	17779	17765	17775	17761	17612	17598	0	0	0	0	0	0	13523	13504	13568	17677	17667	17638	14414	14354	14411	14427	16265	15239	15867	18776	18601	18598	18607	14066	14600	14289	18601	18616	18608	18347	18424	18617	0	0	0	0	0	0	14280	14564	14114	18273	18473	18536	16041	15912	15901	15958	0	0	0	0	0	0	0	0	0	0	0	0	0	0	0	0	0	0	0	0	0	0	0	0	0	0	0	0	0	0	0	0	1585	844	672	1292	264	228	246	249	234	253	232	243	232	217	244	244
14762	16867	16874	17234	17251	17276	17286	17284	17357	12935	19918	19904	19914	19918	19916	19896	17249	19854	0	0	19826	19838	12917	19856	17142	17245	17238	17162	13823	13754	13806	13834	15309	18285	18155	17904	17842	17796	17803	17850	20478	13201	20426	20395	20431	20383	20365	20420	17810	20379	0	0	20379	20399	13219	20414	17853	17823	17802	17805	15496	15314	15308	15299	0	0	0	0	0	0	0	0	0	0	0	0	0	0	0	0	0	0	0	0	0	0	0	0	0	0	0	0	0	0	0	0	1630	1200	1382	1234	264	228	247	249	234	253	232	242	231	217	243	243
15222	17279	17281	17708	17732	20332	20344	13376	13409	13397	20387	20366	20383	20374	20373	20356	17709	0	0	0	0	0	13377	13377	13407	17711	17721	17679	14298	14218	14271	14307	15650	18678	18639	18318	18318	0	0	13959	14867	14287	0	0	0	0	0	0	18230	0	0	0	0	0	14278	14775	14021	18291	18258	18264	15912	15772	15769	15772	0	0	0	0	0	0	0	0	0	0	0	0	0	0	0	0	0	0	0	0	0	0	0	0	0	0	0	0	0	0	0	0	1308	957	886	1145	264	228	246	249	234	253	232	242	232	217	243	244
14172	14201	14740	16839	16874	17012	17007	16882	17057	12935	17047	12932	12939	17027	17012	16907	17110	0	0	12914	12923	17091	12899	17100	15114	17065	17049	17006	13836	13750	13829	13827	15456	15369	15074	17963	17953	17787	17969	18089	17842	13814	17806	13650	13778	17794	17783	18008	17695	0	0	13730	13638	17672	13792	17686	15471	17694	17675	17947	15455	15317	15333	15471	0	0	0	0	0	0	0	0	0	0	0	0	0	0	0	0	0	0	0	0	0	0	0	0	0	0	0	0	0	0	0	0	1256	926	506	1383	264	227	247	249	234	254	233	242	232	217	244	244
17158	17233	17266	20056	20199	0	0	13155	13185	13180	0	0	0	0	0	0	0	0	0	0	0	0	13168	13161	13189	20152	20139	20111	14079	13994	14059	14074	18436	18434	18409	0	0	0	0	13698	14582	13831	0	0	0	0	0	0	0	0	0	0	0	0	13810	14566	13766	0	0	0	15693	15556	15560	15546	0	0	0	0	0	0	0	0	0	0	0	0	0	0	0	0	0	0	0	0	0	0	0	0	0	0	0	0	0	0	0	0	1231	864	601	971	264	228	246	249	234	253	232	243	230	217	244	244
15137	15147	17234	17579	17603	20243	20253	18014	13323	13287	13271	13279	13299	13260	14605	0	0	0	13251	13250	13235	13261	13265	0	17507	20131	20228	20106	14168	14104	14168	14192	15652	15474	18501	18131	18130	0	0	18597	13991	14927	14260	15705	14336	14243	15119	0	0	0	14212	14289	15678	14235	14830	13985	18207	0	0	0	15848	15665	15658	15654	0	0	0	0	0	0	0	0	0	0	0	0	0	0	0	0	0	0	0	0	0	0	0	0	0	0	0	0	0	0	0	0	3711	1305	934	1004	264	228	246	249	234	253	232	242	232	217	244	244
15386	15386	17450	17823	17898	0	0	13523	13561	13658	0	0	0	0	0	0	0	0	0	0	0	0	0	13545	13570	0	0	20453	14447	14389	14450	14456	15914	15903	18823	18511	18486	0	0	14417	14631	14080	0	0	0	0	0	0	0	0	0	0	0	0	0	14612	14515	0	0	0	16077	15947	15940	16011	0	0	0	0	0	0	0	0	0	0	0	0	0	0	0	0	0	0	0	0	0	0	0	0	0	0	0	0	0	0	0	0	648	640	391	1144	263	228	246	248	233	253	232	242	232	216	243	244
14873	14893	14897	15276	15298	15312	17709	17724	13703	13714	17738	17724	17728	17718	17707	17694	15239	17704	17688	17677	17669	17666	13678	13656	15161	15226	15216	15184	14575	14503	14570	14554	16143	16137	16123	16094	15911	15777	18745	18867	14539	14313	18778	18766	18773	18756	18751	18751	15569	18732	18722	18712	18710	18716	14301	14543	15817	16111	16096	16090	16210	16064	16061	16143	0	0	0	0	0	0	0	0	0	0	0	0	0	0	0	0	0	0	0	0	0	0	0	0	0	0	0	0	0	0	0	0	1116	927	497	2209	264	227	246	248	234	253	232	243	231	217	244	243
14915	14925	14927	17152	13033	13037	17479	17459	13165	13094	13090	0	0	0	0	20019	17408	19950	0	19936	19924	13071	13058	13125	17148	17443	13072	13054	13975	13920	13971	13993	15470	15462	18362	18023	14595	14450	17929	17997	13744	14300	13776	0	0	0	0	0	18013	20441	0	20308	20466	13792	14302	13748	18071	18030	14512	14636	15594	15475	15459	15524	0	0	0	0	0	0	0	0	0	0	0	0	0	0	0	0	0	0	0	0	0	0	0	0	0	0	0	0	0	0	0	0	1930	961	709	1280	264	227	247	249	234	253	232	242	231	217	243	244
14936	14951	14955	17606	17783	17788	17792	17802	13755	13755	17829	17807	17802	17795	17768	13734	13808	17963	17965	17949	17937	17941	13733	13715	15266	17923	17804	17757	14632	14559	14630	14619	16223	16193	16169	19022	18647	18637	18639	19014	14843	14394	18671	18662	18666	18658	18656	14293	14402	18556	18481	18505	18513	18515	14304	14808	15861	18816	18825	18816	16254	16121	16123	16084	0	0	0	0	0	0	0	0	0	0	0	0	0	0	0	0	0	0	0	0	0	0	0	0	0	0	0	0	0	0	0	0	1357	777	720	1665	264	228	247	249	234	253	232	242	232	217	244	244
14934	14943	17563	17583	17721	17734	17742	17643	13722	13696	13710	17761	17761	17750	17748	17734	17891	0	0	0	17923	13703	13673	13688	15860	17814	17802	17766	14588	14516	14592	14583	16131	16050	18958	18758	18770	18594	18724	18780	14902	15302	14291	18525	18544	18521	18508	18764	18529	0	0	0	0	14287	15279	14906	16176	18462	18609	19145	16268	16084	16090	16053	0	0	0	0	0	0	0	0	0	0	0	0	0	0	0	0	0	0	0	0	0	0	0	0	0	0	0	0	0	0	0	0	1309	828	627	1397	263	227	246	249	233	253	232	242	232	217	244	244
14511	15078	15079	17185	17510	17524	17540	17581	13338	13253	13296	17566	17571	17573	17570	17555	17495	0	0	0	17497	13283	13236	13314	17407	17472	17458	17430	14142	14080	14141	14160	14930	15608	15504	18212	18118	18114	18120	18126	13993	14302	13796	18114	18128	18103	18095	18089	18079	0	0	0	17997	13778	14297	14003	18160	18087	18069	18822	15828	15642	15637	15623	0	0	0	0	0	0	0	0	0	0	0	0	0	0	0	0	0	0	0	0	0	0	0	0	0	0	0	0	0	0	0	0	2295	1028	826	1236	264	227	246	249	234	253	232	242	232	217	243	244
14822	15418	15507	17643	17657	17921	17929	17951	13612	13586	18063	18051	18063	0	18061	18039	17995	0	0	0	0	0	13569	13586	17892	17997	17975	17947	14495	14406	14480	14493	16062	16053	15863	18892	18886	18886	18890	18993	14631	14700	18586	18550	18589	0	0	18872	18393	0	0	0	0	0	14672	14586	18589	18524	18523	18527	16107	15973	15982	15969	0	0	0	0	0	0	0	0	0	0	0	0	0	0	0	0	0	0	0	0	0	0	0	0	0	0	0	0	0	0	0	0	1356	1063	760	1376	264	228	246	249	234	253	233	242	232	217	243	244
15011	15023	17208	17303	17559	0	20190	13193	13206	13191	0	0	0	0	0	0	0	0	0	0	0	0	13183	13191	13233	20146	17519	17485	14080	14007	14075	14107	15575	15556	18441	18165	18134	0	0	13706	14164	14005	0	0	0	0	0	0	0	0	0	0	0	0	13977	14133	13737	0	18042	18067	15702	15715	15574	15565	0	0	0	0	0	0	0	0	0	0	0	0	0	0	0	0	0	0	0	0	0	0	0	0	0	0	0	0	0	0	0	0	1420	2101	739	995	264	228	247	249	234	253	232	243	232	217	244	244
14114	14120	14656	16767	16954	16975	16979	12839	12865	12855	17148	17135	17006	17133	16978	16986	17061	0	17070	17059	0	17055	12831	12837	12864	17042	17027	16865	13744	13684	13742	13753	15525	15518	15199	17808	17778	17681	17738	13426	14042	13595	17688	17676	17700	17676	17666	17666	17764	17658	17590	17611	17642	17647	13608	14073	13498	17876	17913	17919	15365	15242	15230	15299	0	0	0	0	0	0	0	0	0	0	0	0	0	0	0	0	0	0	0	0	0	0	0	0	0	0	0	0	0	0	0	0	1570	855	761	1627	264	228	246	249	234	253	232	242	231	216	243	244
14071	14612	14610	16863	16885	17044	17051	17079	12841	12803	12791	17082	17087	17086	17065	17059	17033	0	0	0	0	12778	12774	12806	16981	17017	16998	16965	13702	13613	13694	13693	15170	15155	15095	17882	17829	17640	17673	17910	13481	15017	13804	17634	17653	17628	17612	17898	17529	0	0	0	0	13798	14945	13457	17606	17575	17554	17552	15314	15328	15194	15609	0	0	0	0	0	0	0	0	0	0	0	0	0	0	0	0	0	0	0	0	0	0	0	0	0	0	0	0	0	0	0	0	1113	1733	518	1365	264	228	246	249	234	253	232	243	232	217	244	244
17230	17312	19818	0	0	0	0	0	0	12935	12932	0	0	0	0	0	19907	0	0	0	0	12911	12903	0	17175	19869	19876	19824	13822	13756	13804	13844	17999	17835	0	0	0	0	0	0	0	14013	13786	0	0	0	0	0	20154	0	0	0	0	13806	14011	0	17856	20451	20430	0	15442	15321	15306	15310	0	0	0	0	0	0	0	0	0	0	0	0	0	0	0	0	0	0	0	0	0	0	0	0	0	0	0	0	0	0	0	0	1149	778	928	836	263	228	247	248	235	253	232	242	231	217	244	244
14229	14237	14235	16885	17002	17160	17185	12959	17276	17277	17264	17243	17219	17191	17037	17027	17199	17214	17208	17193	17186	17191	17184	17199	12988	16947	16945	16925	13873	13833	13887	13883	15702	15704	15680	18073	18057	17848	17862	13546	17914	17898	17874	17872	17878	17854	17840	17856	18023	17819	17796	18075	17794	17795	18079	18163	13664	18140	18116	18515	15550	15390	15374	15444	0	0	0	0	0	0	0	0	0	0	0	0	0	0	0	0	0	0	0	0	0	0	0	0	0	0	0	0	0	0	0	0	3263	708	437	1809	264	228	246	248	234	253	232	242	231	216	244	244
14323	14873	14867	17114	17195	17332	17370	17416	13085	13056	13093	20003	20015	20015	17143	17130	19951	19963	0	0	19934	13080	13030	13051	15254	17300	17289	17244	13961	13873	13943	13954	15810	15409	15376	18005	17965	17884	17879	18158	13806	14101	13619	0	0	0	17709	17856	0	0	0	0	20448	13619	14083	13799	15805	17979	17849	18000	15573	15438	15447	15434	0	0	0	0	0	0	0	0	0	0	0	0	0	0	0	0	0	0	0	0	0	0	0	0	0	0	0	0	0	0	0	0	1328	1173	612	1358	264	227	246	249	234	253	232	243	231	217	244	243
14112	16831	16851	17197	17218	0	19846	12886	12887	12908	0	0	0	0	0	0	19859	0	0	0	0	0	12902	12869	12925	19833	19826	17206	13754	13705	13765	13777	15214	18184	18163	17866	17820	20374	20361	13404	14475	13504	0	0	0	0	0	0	20205	0	0	0	0	0	13485	14450	13458	20405	20387	17670	15437	15267	15262	15244	0	0	0	0	0	0	0	0	0	0	0	0	0	0	0	0	0	0	0	0	0	0	0	0	0	0	0	0	0	0	0	0	2348	867	593	1097	264	227	246	249	234	253	231	242	232	217	243	244
15381	15389	17608	17942	0	0	0	0	13592	13546	0	0	0	0	0	13560	13579	0	0	0	0	0	13523	13561	17823	0	0	17889	14440	14377	14433	14455	15894	18836	18823	18455	0	0	0	0	14566	14736	0	0	0	0	0	14175	14233	0	0	0	0	0	14747	14531	18513	0	0	18451	16061	15939	15933	15923	0	0	0	0	0	0	0	0	0	0	0	0	0	0	0	0	0	0	0	0	0	0	0	0	0	0	0	0	0	0	0	0	1327	996	726	1004	264	227	247	248	234	253	232	242	232	217	243	244
14585	14595	14594	17257	17477	17518	17554	13344	13364	13383	17603	17590	17598	17593	17429	17425	17604	0	0	0	0	0	13381	13345	13388	17516	17505	17476	14252	14183	14230	14258	16090	16031	15706	18601	18423	18420	18427	13870	14396	13947	18396	18419	18295	18178	18267	18450	17892	0	0	0	0	0	13919	14336	13918	18140	18112	18370	15868	15746	15732	15720	0	0	0	0	0	0	0	0	0	0	0	0	0	0	0	0	0	0	0	0	0	0	0	0	0	0	0	0	0	0	0	0	1269	761	1163	1374	263	227	246	249	234	252	232	242	232	217	243	244
14639	14649	16808	17127	17142	17156	17175	17167	12855	12809	0	0	0	0	0	19818	17127	19779	0	0	19753	17152	12784	12829	17030	17114	17102	17071	13698	13641	13704	13714	15241	15179	18077	17764	17762	17688	17669	18089	13806	14282	0	0	0	0	0	0	17703	20035	0	0	20206	17417	14272	13794	17760	17725	17698	17694	15475	15207	15196	15177	0	0	0	0	0	0	0	0	0	0	0	0	0	0	0	0	0	0	0	0	0	0	0	0	0	0	0	0	0	0	0	0	1980	859	587	1142	263	227	246	249	234	253	231	242	231	217	244	243
14926	14946	14949	17619	17682	17715	17734	17796	13740	13724	17758	17740	17736	17730	17736	17718	17920	17941	17941	17923	17915	17918	13698	13700	15237	17725	17719	17688	14610	14543	14609	14595	16431	16160	16145	18803	18773	18609	18754	18820	14759	14586	18628	18620	18593	18579	18564	18794	18624	18534	18500	18509	18500	18505	14569	14740	16121	18552	18722	18778	16313	16105	16098	16173	0	0	0	0	0	0	0	0	0	0	0	0	0	0	0	0	0	0	0	0	0	0	0	0	0	0	0	0	0	0	0	0	1254	751	671	1748	264	228	246	248	234	253	232	242	231	217	244	244
14930	15458	15464	17713	17888	17898	17909	13640	13646	13612	13599	0	17927	0	0	0	17876	0	0	0	20453	13600	13589	13595	13641	17852	17840	17805	14508	14432	14512	14515	15251	16001	15922	18557	18513	18474	18464	14204	14983	14902	14521	0	18456	0	0	0	18532	0	0	0	0	14518	14878	14989	14256	18555	18439	18550	16187	15990	16007	15978	0	0	0	0	0	0	0	0	0	0	0	0	0	0	0	0	0	0	0	0	0	0	0	0	0	0	0	0	0	0	0	0	3002	1669	630	1359	264	228	246	249	234	253	232	242	231	217	243	244
14188	14201	14207	16933	17114	17262	17271	17283	13041	12986	13008	17311	17313	17324	17307	17321	17240	0	0	0	0	13003	12959	13018	17112	17226	17217	17185	13884	13806	13872	13887	15690	15433	15409	17934	17886	17879	17878	18109	13580	14217	13546	17896	17875	17773	17803	17882	17825	0	0	0	0	13532	14207	13554	17856	17832	18105	18108	15498	15367	15367	15464	0	0	0	0	0	0	0	0	0	0	0	0	0	0	0	0	0	0	0	0	0	0	0	0	0	0	0	0	0	0	0	0	1145	880	635	1300	264	228	246	249	234	253	231	242	231	216	244	243
15479	17711	17712	0	0	0	0	0	0	0	0	0	0	0	0	0	0	0	0	0	0	0	0	13642	17925	0	0	0	14549	14462	14521	14565	15982	18912	18762	0	0	0	0	0	14985	0	0	0	0	0	0	0	0	0	0	0	0	0	0	14959	18558	0	0	0	16170	16023	16025	16029	0	0	0	0	0	0	0	0	0	0	0	0	0	0	0	0	0	0	0	0	0	0	0	0	0	0	0	0	0	0	0	0	1314	1814	965	988	263	227	246	248	234	253	232	242	231	217	243	244
15536	17632	17750	17791	18019	0	0	0	13722	13707	0	0	0	0	0	0	0	0	0	0	0	0	13691	13698	17951	0	0	17981	14609	14517	14585	14609	16035	18986	18955	18705	18685	0	0	0	14670	14569	0	0	0	0	0	0	0	0	0	0	0	0	14559	14637	18649	0	0	18600	16221	16171	16088	16082	0	0	0	0	0	0	0	0	0	0	0	0	0	0	0	0	0	0	0	0	0	0	0	0	0	0	0	0	0	0	0	0	1239	2276	840	1135	263	228	246	249	234	253	232	242	232	217	243	244
14865	14871	14873	17526	17669	17840	17851	17876	13668	13650	17918	17903	17715	17719	17704	17686	17903	17921	17929	17913	17892	17902	13638	13642	17801	17901	17884	17852	14536	14480	14540	14542	16370	16111	16096	18981	18983	18979	18986	18998	14564	14551	18704	18918	18977	18576	18786	18998	18508	18488	18459	18464	18477	18477	14536	14547	18660	18557	18774	18787	16188	16046	16031	16121	0	0	0	0	0	0	0	0	0	0	0	0	0	0	0	0	0	0	0	0	0	0	0	0	0	0	0	0	0	0	0	0	1833	743	548	1690	264	228	247	249	234	253	232	243	231	217	243	243
14950	14963	14971	15343	15376	17788	17796	15669	17858	17854	17842	17816	17818	17816	17804	17790	15276	17756	15568	15558	15265	15280	15271	15285	15241	15262	15250	15224	14649	14568	14643	14632	16218	16212	16195	16167	15889	18814	18819	16164	18890	18868	18850	18838	18842	18822	18827	18838	16134	18792	16117	16127	16100	16139	16138	16164	16162	16171	16152	16147	16282	16128	16140	16197	0	0	0	0	0	0	0	0	0	0	0	0	0	0	0	0	0	0	0	0	0	0	0	0	0	0	0	0	0	0	0	0	1317	826	550	2219	264	227	246	248	234	253	232	241	231	216	243	243
14915	15496	15492	17959	0	0	0	13650	13664	13829	0	0	0	0	0	0	0	0	0	0	0	0	13827	13656	13708	0	0	0	14564	14493	14538	14575	16130	16031	15993	18624	0	0	0	14356	14926	14369	0	0	0	0	0	0	0	0	0	0	0	0	14342	14899	14443	0	0	0	16185	16057	16043	16037	0	0	0	0	0	0	0	0	0	0	0	0	0	0	0	0	0	0	0	0	0	0	0	0	0	0	0	0	0	0	0	0	561	827	1096	1066	263	228	246	249	234	253	232	242	232	217	244	244
13500	14348	14574	13292	13498	17079	12985	12959	13034	17197	17170	17145	13408	12965	12939	12925	12971	12969	12979	13404	13470	13478	13422	13034	12999	13020	13432	13404	13892	13829	13863	13881	14024	15445	15343	15308	13987	17894	13590	14038	14042	17868	17850	17844	13922	13729	14487	13987	14055	14536	13768	13961	13959	13847	13971	14009	14081	14037	13958	13983	15599	15394	15365	15430	0	0	0	0	0	0	0	0	0	0	0	0	0	0	0	0	0	0	0	0	0	0	0	0	0	0	0	0	0	0	0	0	1752	687	1586	1702	264	228	246	249	234	253	231	242	232	217	244	244
14381	14379	14377	14401	14396	15175	15188	14578	13401	13391	15213	13341	13323	13316	15201	15194	14458	15119	13327	13312	13339	15098	13305	13311	13355	14368	14015	13995	14209	14160	14243	14225	16029	16027	15781	15755	15750	15740	15752	15762	14701	14664	15778	13967	14635	14093	15767	15767	15713	15700	14118	14590	13993	15686	14677	14701	13943	15723	15716	15715	15885	15817	15736	15766	0	0	0	0	0	0	0	0	0	0	0	0	0	0	0	0	0	0	0	0	0	0	0	0	0	0	0	0	0	0	0	0	8191	2622	719	3598	265	228	246	248	234	253	231	242	231	217	243	244
14392	14401	14404	14779	14786	17212	17210	15110	13225	13155	13174	17234	17232	17211	17170	17142	17181	17192	17177	17171	17160	13161	13125	13191	14649	14722	14718	14691	14048	13977	14050	14037	15637	15630	15615	15308	15316	18166	18172	15560	13770	14365	13756	18085	18043	18035	18169	18204	18189	18007	17884	17918	17894	13754	14374	13750	15376	15283	15585	15584	15671	15546	15542	15619	0	0	0	0	0	0	0	0	0	0	0	0	0	0	0	0	0	0	0	0	0	0	0	0	0	0	0	0	0	0	0	0	1490	847	688	1721	264	227	246	248	234	253	232	242	232	217	244	244
14955	14963	14954	17598	17718	17750	17746	13734	13746	13767	17799	17783	17780	17770	17764	17753	17934	17961	17961	17934	17921	17927	13766	13715	13773	17866	17842	17809	14618	14562	14630	14614	16446	16440	16384	19005	18802	18797	18804	14311	15011	14381	18828	18814	18820	18810	18806	18826	18578	18548	18483	18501	18508	18519	14340	14987	14382	18550	18532	18799	16237	16121	16116	16163	0	0	0	0	0	0	0	0	0	0	0	0	0	0	0	0	0	0	0	0	0	0	0	0	0	0	0	0	0	0	0	0	1686	760	614	1920	264	228	246	249	234	253	232	242	232	217	243	244
14179	14179	14578	16854	12932	12883	12931	17017	12961	17251	17047	17229	17029	17031	17020	16994	17147	19955	19952	19938	17139	17145	16973	12932	14524	12959	12915	12934	13830	13773	13833	13838	15424	15407	15399	17878	13465	13921	13459	17859	13517	17778	17753	17722	17765	17749	17736	17753	17819	0	20348	0	17479	17555	17681	13504	15088	13502	13993	13477	15452	15338	15323	15382	0	0	0	0	0	0	0	0	0	0	0	0	0	0	0	0	0	0	0	0	0	0	0	0	0	0	0	0	0	0	0	0	1653	776	740	1492	264	228	246	249	234	253	232	242	231	217	243	244
14287	14302	14320	16987	17023	17063	17051	17015	17110	13101	17126	17117	17108	17127	17116	17085	17333	17359	17352	17343	17325	17331	13080	17346	17337	17328	17304	17108	13997	13925	13999	13994	15804	15803	15537	18407	18405	18087	18357	18427	18079	13774	18018	18027	18008	17995	17985	18418	17953	17925	17904	17906	17906	17913	13720	18215	17976	18258	18250	18247	15616	15483	15492	15525	0	0	0	0	0	0	0	0	0	0	0	0	0	0	0	0	0	0	0	0	0	0	0	0	0	0	0	0	0	0	0	0	1433	1614	585	1798	264	227	246	248	234	254	231	243	231	217	243	243
14555	14566	14568	14936	14950	17392	17401	15263	13388	13330	13344	17558	17403	17403	17388	17373	14863	17321	17317	17309	17304	13316	13292	13338	14820	14855	14847	14820	14228	14130	14221	14210	15803	15791	15777	15747	15398	18377	18384	15708	14313	14739	14018	18407	18415	18303	18400	18403	15383	18367	18355	18351	18345	14052	14735	14275	15492	15760	15741	15734	15850	15688	15723	15768	0	0	0	0	0	0	0	0	0	0	0	0	0	0	0	0	0	0	0	0	0	0	0	0	0	0	0	0	0	0	0	0	1210	1360	591	2075	264	228	246	249	234	253	231	242	231	216	243	243
14030	14040	14054	14079	14088	14444	14179	14189	12959	12929	12979	14474	14179	14481	14475	14465	14422	14432	14415	14401	14407	14402	12899	12927	14397	14401	14382	14145	13817	13762	13829	13814	15422	15412	15401	15384	15295	15287	15344	15436	13794	14113	15296	15283	15291	15275	15277	15431	15360	15285	15281	15315	15267	15275	14140	13771	15370	15376	15365	15352	15451	15327	15317	15376	0	0	0	0	0	0	0	0	0	0	0	0	0	0	0	0	0	0	0	0	0	0	0	0	0	0	0	0	0	0	0	0	1759	765	470	3236	265	227	246	248	233	252	231	242	230	216	243	243
14207	14750	14750	17028	17225	17247	17273	17279	17319	17449	20025	20004	20018	20025	20005	17408	0	0	0	0	0	0	0	0	17346	0	0	17339	13839	13761	13831	13834	15416	15357	15298	18242	18014	17911	17925	18318	17977	17734	0	0	0	20380	0	17811	0	0	0	0	0	0	0	0	17948	0	0	20479	15459	15321	15331	15298	0	0	0	0	0	0	0	0	0	0	0	0	0	0	0	0	0	0	0	0	0	0	0	0	0	0	0	0	0	0	0	0	1042	644	464	1253	264	228	246	249	233	253	232	242	232	217	243	244
14212	14227	14225	16885	17012	17028	17032	16963	13035	13008	13018	17060	17053	17049	17050	17029	0	0	0	0	0	13020	12978	13016	17069	17138	17127	17083	13910	13827	13900	13896	15730	15724	15431	18256	18067	18068	18075	18098	14123	14426	13544	18083	18091	18081	18079	18071	0	0	0	0	0	13529	14372	14107	18258	17772	17965	17996	15529	15394	15399	15363	0	0	0	0	0	0	0	0	0	0	0	0	0	0	0	0	0	0	0	0	0	0	0	0	0	0	0	0	0	0	0	0	1264	1103	772	1536	264	228	247	249	234	253	232	242	232	217	244	244
0	0	0	0	0	0	0	0	13619	0	0	0	0	0	0	0	0	0	0	0	0	0	0	13599	0	0	0	0	14497	14435	14487	14517	0	0	0	0	0	0	0	0	14571	0	0	0	0	0	0	0	0	0	0	0	0	0	0	14551	0	0	0	0	16176	15997	15984	15984	0	0	0	0	0	0	0	0	0	0	0	0	0	0	0	0	0	0	0	0	0	0	0	0	0	0	0	0	0	0	0	0	2967	826	913	698	263	228	246	249	234	253	232	242	231	217	243	243
15344	15351	17388	17762	17799	17816	17831	17848	13580	13523	13529	0	17863	0	0	20467	17804	17829	0	0	0	13512	13490	13544	17544	17768	17766	17711	14417	14334	14400	14416	15934	15918	18764	18431	18432	18419	18407	18742	14160	15095	14233	0	18378	0	0	0	18389	18362	0	0	0	14263	15087	14149	18442	18408	18386	18382	16033	15993	15901	15883	0	0	0	0	0	0	0	0	0	0	0	0	0	0	0	0	0	0	0	0	0	0	0	0	0	0	0	0	0	0	0	0	1311	943	664	1246	264	228	247	249	234	253	231	242	231	217	244	244
14401	14952	14956	17234	17441	17463	17487	17487	13185	13137	13146	20115	20125	20122	20120	20101	20059	0	0	0	0	13140	13103	13161	17362	20034	20031	17454	14040	13949	14016	14028	15513	15501	15403	18378	18355	18023	18134	18431	13802	14593	13776	0	0	0	0	0	0	0	0	0	0	13760	14551	13779	18069	0	0	17996	15652	15510	15511	15497	0	0	0	0	0	0	0	0	0	0	0	0	0	0	0	0	0	0	0	0	0	0	0	0	0	0	0	0	0	0	0	0	1342	1040	1166	1188	264	228	246	249	234	253	232	243	232	217	244	244
15414	15425	15426	17734	17764	17780	17803	17844	13635	13576	13602	17834	17832	17831	17814	17810	17750	0	0	17772	17734	13573	13542	13585	15716	17667	17636	17598	14470	14386	14452	14464	16301	15982	15941	18538	18419	18409	18397	18678	14239	15684	14190	18397	18418	18403	18391	18383	18409	0	0	18229	18303	14185	15682	14226	16263	19060	19007	19082	16140	15947	15947	16038	0	0	0	0	0	0	0	0	0	0	0	0	0	0	0	0	0	0	0	0	0	0	0	0	0	0	0	0	0	0	0	0	1318	855	1111	1332	263	228	246	249	234	253	232	242	231	217	243	243
13922	13917	13912	13927	13938	13960	13983	14013	12886	12865	12888	13995	13985	13991	14013	13987	14005	14397	14637	14351	13898	12906	12835	12854	13876	13888	13878	13857	13740	13738	13797	13734	15541	15348	15346	15316	15304	15304	15321	15380	13692	13817	13385	15337	15346	15339	15335	15331	15291	15304	15294	15291	15271	15275	13779	13662	15305	15310	15295	15287	15408	15295	15283	15272	0	0	0	0	0	0	0	0	0	0	0	0	0	0	0	0	0	0	0	0	0	0	0	0	0	0	0	0	0	0	0	0	1890	303	61	8191	266	227	247	248	233	253	231	242	231	216	243	243
14221	14225	14771	17002	17075	17122	17276	12990	12977	13007	0	20167	17266	0	17040	20153	17211	0	0	0	19998	20003	12998	12961	13024	17162	17151	17109	13843	13792	13836	13871	15694	15680	15313	17979	17823	17784	17778	13517	14342	13688	0	0	17788	0	0	0	17774	0	0	0	0	0	13688	14339	13562	17738	17721	17719	15514	15348	15325	15325	0	0	0	0	0	0	0	0	0	0	0	0	0	0	0	0	0	0	0	0	0	0	0	0	0	0	0	0	0	0	0	0	3084	1265	2025	1426	264	227	246	249	234	253	232	242	231	217	243	243
15450	15462	17758	18323	0	0	0	13615	13611	13613	0	0	0	0	0	0	0	0	0	0	0	0	13608	13585	13650	0	0	0	14501	14429	14486	14513	16009	15995	18867	18739	0	0	0	13925	14597	14210	0	0	0	0	0	0	0	0	0	0	0	0	14207	14560	14141	0	0	0	16112	15987	15981	15972	0	0	0	0	0	0	0	0	0	0	0	0	0	0	0	0	0	0	0	0	0	0	0	0	0	0	0	0	0	0	0	0	1583	686	613	1034	263	227	246	248	233	253	231	241	231	216	243	243
14649	14660	15179	17498	17558	17577	17592	17609	13426	13410	17630	17615	17628	17619	17612	17600	17602	17621	0	17600	17602	17602	13381	13389	15550	17505	17483	17441	14298	14229	14300	14294	16115	16090	15783	18624	18453	18446	18459	18498	14227	14185	18468	18436	18359	18234	18425	18484	18256	18109	0	18051	18059	18124	14166	14207	16069	18361	18380	18918	15917	15784	15782	15846	0	0	0	0	0	0	0	0	0	0	0	0	0	0	0	0	0	0	0	0	0	0	0	0	0	0	0	0	0	0	0	0	1356	824	593	1545	263	227	246	248	233	252	230	242	230	217	243	243
14555	15108	15110	17206	17361	17542	17552	17574	17420	13304	17589	17577	17589	17583	17566	17385	20189	0	0	0	0	0	13277	17522	15498	17469	17461	17431	14206	14118	14195	14206	14930	15763	15627	18394	18403	18227	18318	18438	18267	13871	18163	18150	18174	18150	18138	18407	20460	0	0	0	0	0	13843	0	15861	18169	18333	18850	15842	15680	15692	15673	0	0	0	0	0	0	0	0	0	0	0	0	0	0	0	0	0	0	0	0	0	0	0	0	0	0	0	0	0	0	0	0	1370	940	556	1321	262	227	246	248	233	253	231	242	231	216	242	243
14105	14118	14117	16755	16902	16909	17045	16818	12919	12866	12873	17091	16943	17094	16935	16919	17098	0	0	0	0	12869	12830	12908	16949	17050	17025	16997	13762	13671	13753	13754	15598	15586	15236	18091	17931	17868	17914	18057	13481	14266	13494	17786	17728	17718	17829	17953	17573	0	0	0	0	13465	14222	13445	17655	17652	17629	17640	15437	15233	15252	15217	0	0	0	0	0	0	0	0	0	0	0	0	0	0	0	0	0	0	0	0	0	0	0	0	0	0	0	0	0	0	0	0	457	465	336	376	379	345	368	365	347	368	342	359	339	326	358	362