17007	17420	17429	17742	0	0	0	13269	13220	13314	0	0	0	0	0	0	0	0	0	0	0	0	13248	13195	13245	0	20003	17367	14103	14042	14076	14116	18288	18288	18271	0	0	0	0	13779	14390	13827	0	0	0	0	0	0	0	0	0	0	0	0	13837	14421	13869	0	20407	17715	15732	15593	15687	15569	0	0	0	0	0	0	0	0	0	0	0	0	0	0	0	0	0	0	0	0	0	0	0	0	0	0	0	0	0	0	0	0	1587	775	1285	1026	264	228	247	250	234	253	232	243	231	217	243	244
14046	16523	16529	16724	17047	17353	0	12771	12817	12837	0	0	0	0	0	0	0	0	0	0	0	0	12811	12783	12800	16717	16704	16684	13693	13634	13681	13698	15129	18213	17939	17882	17886	17685	0	13894	14676	13456	0	0	0	0	0	0	0	0	0	0	0	0	13453	14658	13965	17388	17379	17381	15301	15188	15161	15379	0	0	0	0	0	0	0	0	0	0	0	0	0	0	0	0	0	0	0	0	0	0	0	0	0	0	0	0	0	0	0	0	1409	856	990	1476	265	228	247	249	234	253	232	243	231	217	244	243
16922	17600	17602	0	0	0	0	0	13067	13075	0	0	0	0	0	0	0	0	0	0	0	0	13077	13050	0	0	0	0	13946	13886	13920	13966	18148	18138	18039	0	0	0	0	0	13951	13670	0	0	0	0	0	0	0	0	0	0	0	0	13656	13931	0	0	0	0	15554	15443	15419	15418	0	0	0	0	0	0	0	0	0	0	0	0	0	0	0	0	0	0	0	0	0	0	0	0	0	0	0	0	0	0	0	0	1734	850	1079	1056	264	228	247	248	234	253	231	242	231	217	243	243
14690	14688	16618	17085	17091	19686	19702	12825	12855	12863	0	0	19733	0	0	19719	19640	0	0	0	19644	19651	12843	12823	12852	17030	17015	16986	13730	13670	13728	13733	15194	15170	17945	17852	17632	20192	0	13398	14101	13473	0	0	19997	0	0	0	20207	0	0	0	20157	20182	13462	14101	13455	17346	17469	17532	15342	15224	15205	15190	0	0	0	0	0	0	0	0	0	0	0	0	0	0	0	0	0	0	0	0	0	0	0	0	0	0	0	0	0	0	0	0	1523	815	797	1181	264	228	247	249	234	253	231	243	231	216	244	243
0	0	0	0	0	0	0	0	12814	0	0	0	0	0	0	0	0	0	0	0	0	0	0	12776	0	0	0	0	13682	13611	13672	13674	0	0	0	0	0	0	0	0	13328	0	0	0	0	0	0	0	0	0	0	0	0	0	0	13239	0	0	0	0	15314	15164	15154	15140	0	0	0	0	0	0	0	0	0	0	0	0	0	0	0	0	0	0	0	0	0	0	0	0	0	0	0	0	0	0	0	0	1386	1227	945	227	263	228	247	248	234	253	231	242	232	217	243	244
14263	14266	14261	16874	16894	16897	16903	13067	13059	13074	16942	16923	16939	16932	16923	16910	17558	0	0	0	0	0	13059	13030	13090	16984	16985	16959	13939	13874	13914	13949	15763	15751	15360	18120	18123	18113	18118	13564	14067	13677	17742	18094	18120	17641	17807	18099	17811	0	0	0	0	0	13660	14058	13635	17614	17635	17655	15545	15421	15404	15406	0	0	0	0	0	0	0	0	0	0	0	0	0	0	0	0	0	0	0	0	0	0	0	0	0	0	0	0	0	0	0	0	1620	826	1230	1616	264	228	247	248	234	253	232	243	231	216	243	244
14926	16899	16921	16954	19886	20167	20171	19908	13138	13081	13123	0	0	0	0	0	0	0	0	0	0	13134	13062	13118	20058	0	0	20053	13967	13899	13963	13982	15182	18184	18105	17422	0	0	0	0	13835	14179	13650	0	0	0	0	0	0	0	0	0	0	13609	14147	13800	0	0	0	0	15581	15453	15451	15445	0	0	0	0	0	0	0	0	0	0	0	0	0	0	0	0	0	0	0	0	0	0	0	0	0	0	0	0	0	0	0	0	2004	946	1029	1100	264	228	247	248	234	253	232	243	232	217	244	244
13190	13206	13193	13155	13156	13147	13162	13177	13194	13183	13174	13227	13231	13203	13212	13223	13227	13205	13174	13183	13190	13155	13168	13201	13210	13187	13174	13161	14086	14046	14037	14094	14422	14221	14217	14221	14188	15210	14252	14203	14452	14230	14309	14042	13898	14895	14035	14215	14243	13937	15026	13951	14048	14350	14157	14442	14290	14316	15239	14123	15677	15592	15578	15547	0	0	0	0	0	0	0	0	0	0	0	0	0	0	0	0	0	0	0	0	0	0	0	0	0	0	0	0	0	0	0	0	2080	1095	3229	402	262	227	246	248	233	252	230	242	230	216	243	243
14284	14287	14284	14298	14311	14693	14694	14692	14887	16905	16891	16882	14339	16901	16876	14845	16979	17000	17481	17139	16957	16963	16965	16967	14615	14660	14636	14596	14012	13926	13989	13993	15786	15784	15732	15665	15656	15602	15663	15675	15343	18378	18359	18352	14750	18359	18362	15315	18163	18148	18089	18079	18079	18074	18074	18087	15410	18160	15480	15500	15622	15480	15480	15488	0	0	0	0	0	0	0	0	0	0	0	0	0	0	0	0	0	0	0	0	0	0	0	0	0	0	0	0	0	0	0	0	1477	1294	1167	2748	266	228	247	249	234	253	232	243	232	217	243	244
12782	12746	12739	12720	12720	12730	12746	12746	12803	12829	12810	12771	12772	12778	12819	12766	12786	12764	12758	12746	12768	12762	12768	12806	12809	12788	12776	12762	13679	13637	13629	13682	13863	15540	15523	14674	15398	14013	14826	14564	14054	14828	14873	13956	14879	14222	13843	13971	14009	13869	14278	15304	14013	14861	14419	14069	15417	15103	14388	15414	15283	15186	17732	17095	0	0	0	0	0	0	0	0	0	0	0	0	0	0	0	0	0	0	0	0	0	0	0	0	0	0	0	0	0	0	0	0	3945	1036	8191	8191	268	229	247	248	234	253	232	243	231	217	243	243
14239	14247	14248	14260	14288	14322	14311	14724	13119	13075	13092	16827	14318	16858	16810	16823	16933	16942	17016	16929	16910	13086	13035	13094	14550	14913	14881	14581	13973	13887	13949	13950	15701	15692	15676	15608	15265	15253	14616	15633	13759	14881	13672	18299	14599	18305	18301	18297	18106	18101	18087	18079	18063	13665	14846	13736	15363	15359	15455	15468	15587	15445	15438	15466	0	0	0	0	0	0	0	0	0	0	0	0	0	0	0	0	0	0	0	0	0	0	0	0	0	0	0	0	0	0	0	0	1226	832	1133	2678	265	228	247	249	234	253	232	242	232	216	244	244
14217	14221	14219	14244	16799	16805	16819	16840	13024	13006	16854	16834	16858	16856	16850	16836	16947	16953	17394	17085	16937	16935	12982	12996	13052	16935	16917	16837	13881	13839	13899	13890	15686	15680	15670	15011	18037	18030	18034	18039	14204	14170	18059	18047	18051	18033	18022	18021	17989	17997	17966	17973	17966	17974	14192	14222	13319	17993	17976	17964	15486	15436	15381	15346	0	0	0	0	0	0	0	0	0	0	0	0	0	0	0	0	0	0	0	0	0	0	0	0	0	0	0	0	0	0	0	0	8191	974	946	2286	265	228	247	249	234	253	231	243	232	216	244	244
14271	14274	14636	14652	14658	14670	14710	14732	13592	14802	14798	14771	14707	14766	14778	14768	14278	14753	15333	15321	14726	14261	14759	13561	14271	14261	14247	14221	14474	14410	14457	14465	16255	16262	16249	16228	16204	15959	15975	15979	14172	16025	16011	15999	16013	16003	15997	15991	15960	15951	15935	15923	15923	15937	15939	14151	16206	15964	16046	16142	16078	15950	15928	17884	0	0	0	0	0	0	0	0	0	0	0	0	0	0	0	0	0	0	0	0	0	0	0	0	0	0	0	0	0	0	0	0	1497	1328	1554	8191	267	228	247	249	234	253	232	243	231	217	244	243
15098	17023	17017	17515	17534	20109	20119	13227	13261	13254	0	0	20150	0	0	20157	20093	0	0	0	0	0	13244	13244	13262	20085	20070	20045	14154	14088	14107	14166	15615	18407	18396	18292	18043	0	0	13891	14935	14280	0	0	0	0	0	0	0	0	0	0	0	0	14214	14894	13975	0	0	0	15760	15640	15661	15612	0	0	0	0	0	0	0	0	0	0	0	0	0	0	0	0	0	0	0	0	0	0	0	0	0	0	0	0	0	0	0	0	1432	739	1962	1238	264	228	247	249	234	253	232	242	232	217	243	244
0	0	0	0	0	0	0	0	13661	13523	13607	0	0	0	0	0	0	0	0	0	0	13593	13496	13635	0	0	0	0	14431	14359	14413	14433	0	0	0	0	0	0	0	0	14190	14588	14157	0	0	0	0	0	0	0	0	0	0	14162	14573	14177	0	0	0	0	16035	15909	15901	15893	0	0	0	0	0	0	0	0	0	0	0	0	0	0	0	0	0	0	0	0	0	0	0	0	0	0	0	0	0	0	0	0	1090	774	793	905	263	228	247	249	234	253	232	243	232	217	243	244
14239	14241	16788	16814	17286	17494	17481	17477	13012	0	0	0	0	0	0	0	19938	0	0	0	0	0	19944	12982	16927	19937	19918	16913	13881	13831	13851	13894	15362	15287	18049	17991	17994	0	17898	18022	0	0	0	0	0	0	0	0	0	0	0	0	0	0	20477	20286	17539	0	0	17651	15486	15387	15350	15369	0	0	0	0	0	0	0	0	0	0	0	0	0	0	0	0	0	0	0	0	0	0	0	0	0	0	0	0	0	0	0	0	1663	789	1242	1398	264	228	247	249	234	253	232	242	232	217	243	244
14922	14931	14936	17855	17894	17903	17991	17970	13733	13695	13696	0	17917	0	0	17906	0	0	0	0	0	13686	13670	13702	17842	17857	17836	17810	14588	14532	14584	14586	16102	16027	15472	18735	18727	18699	18700	18789	14388	15035	14319	0	18459	0	0	0	0	0	0	0	0	14307	14983	14359	18412	18242	18374	18641	17591	16088	16061	16049	0	0	0	0	0	0	0	0	0	0	0	0	0	0	0	0	0	0	0	0	0	0	0	0	0	0	0	0	0	0	0	0	1691	793	937	1526	264	228	247	249	234	253	232	243	231	217	243	244
14766	17403	0	0	0	0	0	0	0	13500	0	0	0	0	0	0	0	0	0	0	0	0	13477	0	0	0	0	0	14410	14334	14369	14414	15171	18329	0	0	0	0	0	0	0	14145	0	0	0	0	0	0	0	0	0	0	0	0	14101	0	0	0	0	0	16018	15887	15871	15873	0	0	0	0	0	0	0	0	0	0	0	0	0	0	0	0	0	0	0	0	0	0	0	0	0	0	0	0	0	0	0	0	1080	918	1161	865	264	228	247	249	234	253	232	243	232	217	244	243
14259	16700	16706	16870	0	0	0	19851	13000	12947	12965	0	0	0	0	0	0	0	0	0	16932	12933	12919	12949	16837	16844	16850	16830	13827	13778	13821	13835	15267	18368	18353	18321	0	0	0	20381	13600	14285	13575	0	0	0	0	0	0	0	0	0	17363	13598	14266	13608	18607	17505	17497	17497	15756	15333	15308	15297	0	0	0	0	0	0	0	0	0	0	0	0	0	0	0	0	0	0	0	0	0	0	0	0	0	0	0	0	0	0	0	0	2205	781	1144	1424	264	228	247	249	235	253	232	243	231	217	243	244
14255	14845	16876	17444	0	0	0	13000	12999	12981	0	0	0	0	0	0	0	0	0	0	0	0	12967	12975	13025	0	19918	19886	13875	13820	13859	13883	14649	15082	17979	20455	0	0	0	13440	14287	14097	0	0	0	0	0	0	0	0	0	0	0	0	14093	14255	13531	0	20234	20442	15479	15371	15355	15345	0	0	0	0	0	0	0	0	0	0	0	0	0	0	0	0	0	0	0	0	0	0	0	0	0	0	0	0	0	0	0	0	1427	703	1377	1105	264	228	247	249	234	253	232	242	231	217	243	244
14647	14658	14664	17247	17608	17718	17742	17483	13459	0	0	0	17485	0	17487	17463	20466	0	0	0	0	0	0	13422	15009	17355	17337	17294	14388	14265	14322	14335	16023	15891	15875	18462	18470	18299	18388	18483	14023	0	0	0	17942	0	0	17971	0	0	0	0	0	0	0	13995	15592	18173	18333	18425	15991	15821	15806	15793	0	0	0	0	0	0	0	0	0	0	0	0	0	0	0	0	0	0	0	0	0	0	0	0	0	0	0	0	0	0	0	0	383	903	955	1570	264	228	247	248	234	252	232	243	231	217	243	244
14964	14967	14965	14975	15378	17541	17546	17562	13755	13927	17586	17561	17590	17606	17559	17552	15309	17562	17561	17553	17552	17555	13889	13723	15233	15272	15258	15223	14647	14568	14601	14639	16411	16404	16381	15898	15898	18810	18797	18815	14814	14545	18824	18806	18808	18786	18777	18786	15816	18915	18912	18918	18884	18924	14564	14820	16594	16172	16159	16152	16261	16128	16103	16138	0	0	0	0	0	0	0	0	0	0	0	0	0	0	0	0	0	0	0	0	0	0	0	0	0	0	0	0	0	0	0	0	1441	917	2622	2668	265	229	248	249	234	253	231	243	231	217	243	243
15007	15021	17441	17642	18263	0	0	17685	13798	13767	0	0	17682	0	0	17658	17715	17753	0	0	17711	17705	13738	13754	15940	17655	17658	17635	14660	14597	14651	14662	16498	16076	19181	19168	19146	0	0	19123	15026	15108	0	0	17942	0	0	18162	18748	18099	0	0	18264	18276	15094	15017	16448	18311	18305	18306	16278	16151	16140	16128	0	0	0	0	0	0	0	0	0	0	0	0	0	0	0	0	0	0	0	0	0	0	0	0	0	0	0	0	0	0	0	0	1439	765	905	1484	264	228	247	249	234	252	232	243	231	217	244	243
16710	17041	17048	0	0	0	0	12791	12821	12843	0	0	0	0	0	0	0	0	0	0	0	0	12807	12787	12813	19789	19779	19740	13705	13629	13682	13709	17935	17818	17632	0	0	0	0	13354	14466	13619	0	0	0	0	0	0	0	0	0	0	0	0	13584	14464	13416	20158	20284	20308	15363	15184	15170	15169	0	0	0	0	0	0	0	0	0	0	0	0	0	0	0	0	0	0	0	0	0	0	0	0	0	0	0	0	0	0	0	0	1264	972	948	1009	264	228	247	248	234	253	232	243	232	217	243	244
14116	14138	14149	16680	14570	16693	16703	12931	12959	12967	16742	16722	16750	16974	16740	16746	16792	17327	17328	17323	16775	16787	12932	12914	12942	16762	16756	14778	13838	13762	13819	13822	15541	15537	15523	17951	14965	17939	17947	13576	14585	13613	17975	17966	17955	17921	17934	18053	17983	17902	17891	17891	17880	17894	13617	14584	13689	17993	17975	15329	15455	15312	15303	15319	0	0	0	0	0	0	0	0	0	0	0	0	0	0	0	0	0	0	0	0	0	0	0	0	0	0	0	0	0	0	0	0	1472	821	972	2200	265	228	247	249	234	254	232	243	232	216	244	244
14323	14329	14320	14730	14736	16894	17143	13107	13125	13137	17367	17155	17155	17156	17145	16942	17032	17541	20125	17545	16984	16983	13107	13080	13121	16957	14993	14949	14013	13934	13987	13994	15709	15690	15608	15062	15001	18036	18071	13673	14225	13742	0	17764	17860	17780	17839	17894	18089	18013	0	0	18057	18073	13727	14297	13741	18083	15394	15521	15673	15490	15475	15455	0	0	0	0	0	0	0	0	0	0	0	0	0	0	0	0	0	0	0	0	0	0	0	0	0	0	0	0	0	0	0	0	1174	698	958	1898	264	228	246	248	233	253	231	243	231	217	244	243
17880	20344	20353	0	0	0	0	13466	13500	13510	0	0	0	0	0	0	0	0	0	0	0	0	13488	13474	13496	0	0	20447	14379	14315	14348	14402	18318	0	0	0	0	0	0	14054	14747	14107	0	0	0	0	0	0	0	0	0	0	0	0	14098	14747	14124	0	0	0	15987	15869	15840	15852	0	0	0	0	0	0	0	0	0	0	0	0	0	0	0	0	0	0	0	0	0	0	0	0	0	0	0	0	0	0	0	0	1411	981	1289	908	263	228	247	248	234	253	232	243	232	217	243	244
13183	13134	13105	13107	13140	13155	13107	13077	13149	13205	13188	13125	13131	13110	13123	13144	13140	13116	13101	13103	13109	13151	13151	13134	13138	13135	13155	13115	14034	13943	13998	14041	14127	14142	14372	14107	14468	14116	13744	14905	14630	14179	14138	14127	14172	14645	14192	14192	14172	14196	14604	14153	14160	14167	14164	14063	15654	13849	14088	14069	15635	15537	15475	15539	0	0	0	0	0	0	0	0	0	0	0	0	0	0	0	0	0	0	0	0	0	0	0	0	0	0	0	0	0	0	0	0	2131	2267	1219	1105	265	228	248	249	234	253	232	242	232	217	243	243
14432	14433	14426	16989	16990	17009	17021	13235	13242	13224	17063	17039	17057	17272	17050	17043	17432	17667	17671	17658	17133	17139	13205	13216	13259	17105	17096	17070	14122	14057	14107	14119	15832	15822	15804	18245	18245	18238	18242	13742	14212	14061	18257	18241	18241	18204	18221	18372	18219	18205	18134	18189	17558	18193	14053	14171	13808	18227	18211	18519	15768	15608	15585	15829	0	0	0	0	0	0	0	0	0	0	0	0	0	0	0	0	0	0	0	0	0	0	0	0	0	0	0	0	0	0	0	0	1420	876	969	1989	265	228	247	249	234	253	232	243	231	217	243	244
