14351	14899	14893	17206	17249	17376	17384	17407	13114	13081	13079	0	17408	0	0	17417	0	0	0	0	0	13067	13051	13079	17287	17327	17335	17283	13979	13906	13977	13979	15462	15454	15435	17949	17939	17923	17923	18045	13755	14553	13720	0	17762	0	0	17848	0	0	0	0	0	13695	14458	13727	18067	0	0	17939	15602	15460	15472	15583	0	0	0	0	0	0	0	0	0	0	0	0	0	0	0	0	0	0	0	0	0	0	0	0	0	0	0	0	0	0	0	0	1402	921	554	1463	263	226	245	247	233	252	231	241	231	215	242	243
14635	14636	16889	17061	17244	17257	0	17284	17319	12977	0	0	0	0	0	0	17203	0	0	0	0	0	12949	0	14565	17192	17185	17141	13884	13798	13855	13887	15474	15462	18001	17933	17778	17602	0	17840	17604	13867	0	0	0	0	0	0	17627	0	0	0	0	0	13865	0	15109	17721	17706	18004	15498	15360	15357	15350	0	0	0	0	0	0	0	0	0	0	0	0	0	0	0	0	0	0	0	0	0	0	0	0	0	0	0	0	0	0	0	0	1150	854	781	1385	262	226	245	248	233	252	231	241	230	216	242	242
14867	17131	17196	19987	0	0	0	0	13084	13014	13079	0	0	0	0	0	0	0	0	0	0	13062	12981	13049	17372	19958	19954	19921	13913	13824	13892	13917	15265	17977	17879	0	0	0	0	0	13829	14118	13652	0	0	0	0	0	0	0	0	0	0	13652	14095	13808	17830	0	20456	0	15527	15377	15395	15386	0	0	0	0	0	0	0	0	0	0	0	0	0	0	0	0	0	0	0	0	0	0	0	0	0	0	0	0	0	0	0	0	1120	1039	879	985	263	227	245	247	233	252	230	242	230	216	243	243
17814	17859	0	0	0	0	0	13567	13604	13606	0	0	0	0	0	0	0	0	0	0	0	13642	13588	13577	13596	0	0	0	14489	14417	14468	14500	18525	18486	0	0	0	0	0	14227	15290	14243	0	0	0	0	0	0	0	0	0	0	0	13901	14285	15398	14334	0	0	0	16161	15969	15957	16011	0	0	0	0	0	0	0	0	0	0	0	0	0	0	0	0	0	0	0	0	0	0	0	0	0	0	0	0	0	0	0	0	1259	980	747	908	262	227	245	248	233	252	230	242	230	216	242	242
14814	14826	14824	15203	15216	17642	17640	13588	13600	13573	13579	17783	17660	17788	17645	17617	17752	17792	17791	17778	17760	13564	13553	13567	13611	17640	17614	15437	14455	14403	14462	14464	16066	16057	16037	15962	15716	18475	18487	14147	14639	15007	14229	18439	18441	18429	18425	18662	18542	18271	0	18167	18464	14227	14943	14643	14198	18575	18560	15970	16073	15958	15948	16045	0	0	0	0	0	0	0	0	0	0	0	0	0	0	0	0	0	0	0	0	0	0	0	0	0	0	0	0	0	0	0	0	1743	709	704	1801	263	227	246	248	233	251	231	241	230	216	243	243
13164	13162	13153	13122	13074	13065	13086	13092	13127	13123	13112	13109	13165	13183	13140	13086	13110	13144	13142	13127	13085	13071	13074	13101	13128	13105	13072	13061	14025	13934	13993	14010	15754	14549	14198	13739	14558	15231	13756	14076	14720	14589	14566	14135	14156	14145	14129	14287	14586	14196	14179	14162	14161	14350	14359	15148	14712	13840	15365	14189	15631	15494	15484	15474	0	0	0	0	0	0	0	0	0	0	0	0	0	0	0	0	0	0	0	0	0	0	0	0	0	0	0	0	0	0	0	0	1233	963	743	1233	263	227	246	248	233	252	231	241	230	216	242	243
16767	16796	16814	19704	0	0	0	0	12786	12744	12748	0	0	0	0	0	17107	0	0	0	0	12734	12720	12746	17080	17108	17096	17070	13639	13579	13629	13657	17997	17994	17700	20206	0	0	0	0	13383	14018	13341	0	0	0	0	0	17613	0	0	0	0	13344	14023	13378	17694	17658	17625	17633	15679	15142	15124	15116	0	0	0	0	0	0	0	0	0	0	0	0	0	0	0	0	0	0	0	0	0	0	0	0	0	0	0	0	0	0	0	0	1321	912	779	990	262	227	245	248	233	252	230	242	231	216	243	242
14524	14531	14556	14616	15011	15025	15056	15066	13422	13402	13405	15077	15083	17459	17387	17372	17578	20466	20459	17596	17600	13408	13378	13395	14944	15286	15258	14946	14307	14225	14277	14297	15907	15902	15897	15873	15586	15569	15680	15919	14274	14545	13983	15393	15504	18444	18599	18671	18367	0	0	18028	18091	13976	14498	14287	15551	15728	15806	15824	15925	15784	15761	15877	0	0	0	0	0	0	0	0	0	0	0	0	0	0	0	0	0	0	0	0	0	0	0	0	0	0	0	0	0	0	0	0	1330	937	2067	2244	263	227	246	248	233	252	231	242	230	216	242	242
0	0	0	0	0	0	0	0	13301	13257	13269	0	0	0	0	0	0	0	0	0	0	13254	13233	13269	0	0	0	0	14146	14085	14142	14174	0	0	0	0	0	0	0	0	13963	15127	13918	0	0	0	0	0	0	0	0	0	0	13928	15106	13959	0	0	0	0	15768	15643	15637	15633	0	0	0	0	0	0	0	0	0	0	0	0	0	0	0	0	0	0	0	0	0	0	0	0	0	0	0	0	0	0	0	0	1947	903	558	377	262	226	246	247	233	252	230	241	230	216	243	243
14086	14095	14093	14782	16938	16955	17015	12910	12919	12910	17087	17074	16954	16957	16943	16935	16977	0	17295	0	16860	16854	12879	12882	12917	14757	14718	14416	13802	13730	13778	13786	15351	15343	15331	15273	17902	17884	17904	13404	14200	13648	17758	17761	17754	17623	17736	17923	17854	0	17757	0	17804	17826	13634	14186	13487	15219	15269	15283	15421	15286	15268	15374	0	0	0	0	0	0	0	0	0	0	0	0	0	0	0	0	0	0	0	0	0	0	0	0	0	0	0	0	0	0	0	0	1435	760	1634	1837	263	227	245	247	233	252	231	242	230	216	243	242
17489	17510	17530	17823	0	0	0	0	13463	13444	0	0	0	0	0	0	17784	0	0	0	0	0	13418	13430	17721	17786	17774	17746	14338	14262	14328	14345	18705	18697	18409	18349	0	0	0	0	14402	14379	0	0	0	0	0	0	18254	0	0	0	0	0	14374	14396	18374	18328	18309	18307	15952	15817	15821	15808	0	0	0	0	0	0	0	0	0	0	0	0	0	0	0	0	0	0	0	0	0	0	0	0	0	0	0	0	0	0	0	0	1302	877	619	1173	263	227	246	247	233	252	231	241	231	216	243	242
17185	17199	17205	17542	20139	0	13232	13161	13203	13211	0	0	0	0	0	0	17509	0	0	0	0	0	13190	13179	13193	17519	17507	17466	14068	14017	14070	14095	18441	18429	18400	18073	0	0	13588	14020	14723	13853	0	0	0	0	0	0	18039	0	0	0	0	0	13871	14766	14111	18086	18063	18063	17116	15577	15562	15551	0	0	0	0	0	0	0	0	0	0	0	0	0	0	0	0	0	0	0	0	0	0	0	0	0	0	0	0	0	0	0	0	2017	848	909	1115	263	227	245	247	233	252	230	242	230	215	242	242
14292	14309	14659	14686	14692	17143	17146	15003	13096	13059	13062	17258	17271	17264	17258	17120	14612	0	0	0	14603	13045	13033	13058	14588	14614	14603	14582	13945	13886	13937	13949	15536	15529	15518	15190	15194	17882	17888	15353	13712	14222	13657	17831	17846	17814	17819	17902	15137	0	0	0	15121	13654	14263	13703	15193	15299	15475	15474	15571	15446	15428	15540	0	0	0	0	0	0	0	0	0	0	0	0	0	0	0	0	0	0	0	0	0	0	0	0	0	0	0	0	0	0	0	0	1547	1127	1290	1772	263	227	246	248	233	252	231	242	230	216	243	242
14991	15550	15549	17790	17902	17937	17951	18019	13790	13744	13754	0	0	0	17975	17961	0	0	0	0	0	13739	13712	13758	17789	17957	0	17904	14641	14559	14622	14636	15228	16090	16068	18776	18594	18581	18583	18808	14581	14906	14383	0	0	0	18357	18474	0	0	0	0	0	14312	14923	14536	18726	18399	0	18745	16257	16119	16119	16103	0	0	0	0	0	0	0	0	0	0	0	0	0	0	0	0	0	0	0	0	0	0	0	0	0	0	0	0	0	0	0	0	1221	871	585	1287	262	227	245	248	232	251	230	241	230	216	242	242
15114	17295	17297	17512	20162	0	0	13344	13321	13296	13296	0	0	0	0	0	0	0	0	0	0	13292	13273	13295	13351	17672	17655	17619	14196	14127	14179	14204	15721	18558	18542	18201	0	0	0	13814	14845	15093	13959	0	0	0	0	0	0	0	0	0	0	13963	15086	14837	13884	18152	17929	18173	15821	15680	15670	15775	0	0	0	0	0	0	0	0	0	0	0	0	0	0	0	0	0	0	0	0	0	0	0	0	0	0	0	0	0	0	0	0	1464	798	749	1227	263	227	246	247	233	252	231	241	230	216	243	242
15484	17552	17711	17882	17898	17939	0	13622	13635	13664	0	0	0	0	0	0	17830	0	0	0	0	0	13635	13607	13637	17808	17798	17772	14528	14440	14497	14528	16005	18658	18639	18438	18443	0	0	14229	14999	14333	0	0	0	0	0	0	18148	0	0	0	0	0	14343	14997	14336	18363	18353	18670	16140	16001	15995	15994	0	0	0	0	0	0	0	0	0	0	0	0	0	0	0	0	0	0	0	0	0	0	0	0	0	0	0	0	0	0	0	0	1173	949	1027	1066	263	227	246	248	233	252	231	242	230	216	242	243
14086	14089	14084	16883	16958	17032	17035	12829	12870	12877	17114	17102	17104	17108	17089	17070	17051	0	0	0	19882	17063	12861	12839	12861	17037	17019	16982	13757	13684	13741	13749	15247	15207	14562	17870	17748	17727	17726	14091	14693	13684	17740	17734	17731	17621	17712	17715	17703	0	0	0	20431	20433	13687	14674	14144	17741	17748	17735	15376	15246	15235	15217	0	0	0	0	0	0	0	0	0	0	0	0	0	0	0	0	0	0	0	0	0	0	0	0	0	0	0	0	0	0	0	0	1223	765	516	1467	262	227	245	247	233	252	230	241	231	215	243	243
14566	14651	14652	15072	15081	17474	17476	17470	13469	13438	13481	17506	17509	17500	17491	17474	17579	0	0	0	0	13465	13404	13430	14945	17464	17441	17265	14328	14237	14319	14313	15911	15861	15844	15569	15538	18251	18260	18473	14470	14582	13865	18249	18253	18249	18193	18275	18150	0	0	0	0	13897	14566	14450	15558	18397	18382	18391	15937	15790	15821	15899	0	0	0	0	0	0	0	0	0	0	0	0	0	0	0	0	0	0	0	0	0	0	0	0	0	0	0	0	0	0	0	0	1354	1049	514	1717	263	227	246	247	233	252	231	242	230	215	243	242
16967	16987	19890	12776	12742	12746	12784	0	0	0	0	0	0	0	0	0	0	0	0	0	0	0	0	0	0	12814	12760	12745	13682	13642	13690	13702	17573	17536	20349	13389	14313	14291	13431	0	0	0	0	0	0	0	0	0	0	0	0	0	0	0	0	0	0	13444	14204	14277	15295	15198	15179	15165	0	0	0	0	0	0	0	0	0	0	0	0	0	0	0	0	0	0	0	0	0	0	0	0	0	0	0	0	0	0	0	0	1739	335	591	840	262	227	246	248	233	252	231	241	231	216	242	243
14569	14574	14574	15007	15011	17437	17432	13323	13364	13347	17489	17585	17379	17455	17383	17350	17547	17585	17581	17571	17555	17559	13333	13338	13358	17525	17263	15223	14251	14178	14240	14246	15854	15846	15834	15569	15514	18230	18234	13899	14597	14177	18256	18249	18263	18243	18238	18388	18289	18122	18103	18102	18102	18106	14112	14588	13965	18286	18285	15748	15872	15734	15729	15814	0	0	0	0	0	0	0	0	0	0	0	0	0	0	0	0	0	0	0	0	0	0	0	0	0	0	0	0	0	0	0	0	1199	758	645	1952	263	227	246	248	233	252	231	242	230	216	243	243
16955	17138	17287	17332	0	0	0	12989	13022	13024	0	0	0	0	0	0	0	0	0	0	0	13046	13003	12985	13013	13062	19877	17240	13909	13820	13881	13914	18333	18145	18005	17823	0	0	0	13665	14846	13708	0	0	0	0	0	0	0	0	0	0	0	13564	13731	14962	13758	17709	20184	17778	15527	15381	15377	15374	0	0	0	0	0	0	0	0	0	0	0	0	0	0	0	0	0	0	0	0	0	0	0	0	0	0	0	0	0	0	0	0	1219	1151	873	1135	262	227	245	247	233	252	231	241	230	216	242	242
17165	17181	17190	17530	0	0	0	0	13215	13183	13195	0	0	0	0	0	20145	0	0	0	0	13187	13155	13177	17478	17551	20121	17501	14088	14012	14066	14086	18429	18419	18398	18068	0	0	0	0	13910	14211	13724	0	0	0	0	0	0	0	0	0	0	13716	14211	13915	18124	0	0	18043	15704	15569	15558	15548	0	0	0	0	0	0	0	0	0	0	0	0	0	0	0	0	0	0	0	0	0	0	0	0	0	0	0	0	0	0	0	0	1219	756	612	1102	262	227	246	247	233	252	230	241	231	215	242	243
14776	14786	14776	17563	17577	13487	13497	17609	13564	13527	13517	17799	17606	17794	17600	17593	17723	0	0	17740	17728	13511	13501	13536	17615	13518	13494	17676	14407	14357	14419	14422	15991	15965	15034	18466	18446	14363	14149	18597	14149	14628	14302	18345	18359	18343	18339	18331	18408	0	0	18105	18227	14256	14597	14119	18493	14190	14410	18410	16096	15912	15909	15982	0	0	0	0	0	0	0	0	0	0	0	0	0	0	0	0	0	0	0	0	0	0	0	0	0	0	0	0	0	0	0	0	3012	859	1064	1718	263	226	246	248	233	252	231	242	231	216	243	242
17662	0	0	0	0	0	0	13560	13588	13607	0	0	0	0	0	0	0	0	0	0	0	0	13596	13565	13590	0	0	0	14470	14392	14436	14481	18182	0	0	0	0	0	0	14185	14971	14168	0	0	0	0	0	0	0	0	0	0	0	0	14149	14963	14267	0	0	0	16082	15958	15924	15943	0	0	0	0	0	0	0	0	0	0	0	0	0	0	0	0	0	0	0	0	0	0	0	0	0	0	0	0	0	0	0	0	1563	1121	1836	748	262	227	245	248	233	253	231	242	230	216	243	242
14261	14270	14277	14313	14760	14764	15114	15112	13118	13089	13084	17122	17133	17126	17118	17100	17340	17369	0	17340	17335	13084	13066	13096	14691	17335	17313	17015	13991	13908	13967	13986	15647	15632	15618	15333	15346	15264	15374	15627	13798	14495	13734	18087	18024	18011	18001	18144	17939	17888	0	17868	17878	13729	14429	13770	15250	17920	17913	17917	15604	15468	15463	15581	0	0	0	0	0	0	0	0	0	0	0	0	0	0	0	0	0	0	0	0	0	0	0	0	0	0	0	0	0	0	0	0	1266	1249	855	2019	264	227	245	248	233	252	230	241	230	216	243	243
15073	15269	17291	17431	17646	17691	17704	17717	13471	13430	13419	13458	17738	17765	17753	17730	0	0	0	0	13470	13424	13412	13454	17675	0	0	0	14328	14265	14321	14339	15905	15846	18728	18568	18323	18308	18318	18662	14116	14922	14422	14022	18331	18317	18307	18317	0	0	0	0	14020	14372	14851	14108	18269	0	0	0	15943	15820	15804	15901	0	0	0	0	0	0	0	0	0	0	0	0	0	0	0	0	0	0	0	0	0	0	0	0	0	0	0	0	0	0	0	0	1458	828	869	1280	262	227	246	248	233	252	230	241	230	216	242	242
14666	14678	15235	17554	17594	17603	17631	13401	13441	13434	13430	0	17669	0	0	17643	0	0	0	0	0	13426	13418	13416	13436	0	0	17595	14316	14262	14314	14325	15792	15777	15684	18292	18263	18245	18238	13983	14440	14297	14207	0	18199	0	0	18213	0	0	0	0	0	14171	14292	14402	14077	0	0	18001	15932	15818	15798	15784	0	0	0	0	0	0	0	0	0	0	0	0	0	0	0	0	0	0	0	0	0	0	0	0	0	0	0	0	0	0	0	0	1796	704	616	1186	262	226	245	248	233	252	231	241	231	216	242	243
15347	17754	17770	0	0	0	0	0	13492	13462	13459	0	0	0	0	0	0	0	0	0	0	13446	13436	13459	13525	0	0	20357	14362	14275	14331	14372	18662	18655	18329	0	0	0	0	0	14316	15296	14149	0	0	0	0	0	0	0	0	0	0	14173	15342	14311	0	0	0	0	15973	15828	15822	15830	0	0	0	0	0	0	0	0	0	0	0	0	0	0	0	0	0	0	0	0	0	0	0	0	0	0	0	0	0	0	0	0	1571	1329	1368	929	262	227	245	248	233	253	231	241	231	216	242	243
14616	14723	15309	17675	17703	17715	17727	13462	13459	13442	13463	17758	17768	17769	17753	17746	17705	0	0	0	0	13454	13430	13441	13483	17690	17669	17635	14338	14273	14322	14359	16149	15844	15683	18281	18288	18281	18284	14042	14580	14826	14097	18286	18295	0	18216	18268	18204	0	0	0	0	14095	14759	14566	14048	18251	18233	18229	15958	15828	15810	15813	0	0	0	0	0	0	0	0	0	0	0	0	0	0	0	0	0	0	0	0	0	0	0	0	0	0	0	0	0	0	0	0	1684	1236	861	1211	263	227	245	248	232	252	231	241	231	215	243	243
14516	14524	14901	17170	17335	17336	13324	13250	13292	13292	17547	17532	17352	17348	17338	17321	17468	17479	17470	17459	17457	13328	13273	13257	13277	13331	17432	15139	14154	14105	14177	14163	15752	15742	15734	18435	18182	18165	13704	13967	15099	13967	18114	18114	18118	18089	18075	18180	18150	18150	17991	18008	18101	13794	13979	15110	14054	13792	18146	15432	15840	15657	15661	15749	0	0	0	0	0	0	0	0	0	0	0	0	0	0	0	0	0	0	0	0	0	0	0	0	0	0	0	0	0	0	0	0	8191	816	310	1944	263	226	245	247	232	252	230	241	230	215	242	243
14934	14935	15294	17583	17778	17814	17903	13672	13710	13711	17950	17949	17957	17947	17939	17925	17890	17904	17907	17884	17882	17884	13691	13669	13700	17874	17854	17817	14592	14503	14579	14577	16173	16151	15991	18586	18585	18569	18578	14284	14987	14322	18605	18589	18533	18525	18515	18594	18562	18411	0	18397	18407	18412	14293	14936	14334	18458	18442	18536	16203	16057	16068	16142	0	0	0	0	0	0	0	0	0	0	0	0	0	0	0	0	0	0	0	0	0	0	0	0	0	0	0	0	0	0	0	0	1350	1903	1248	1628	263	226	245	247	233	251	230	241	230	216	243	242
14099	14101	14444	16901	16931	17009	17025	17061	12871	12857	17085	17059	17070	17067	17057	17041	14394	16824	16843	16848	16802	16810	12821	12835	12874	14388	14377	14349	13736	13681	13741	13733	15328	15298	15284	17876	17875	17819	17631	17892	13855	13703	17604	17596	17617	17596	17590	17884	14810	17862	17842	17843	17834	17844	13712	13874	13409	15226	15239	15235	15371	15241	15230	15295	0	0	0	0	0	0	0	0	0	0	0	0	0	0	0	0	0	0	0	0	0	0	0	0	0	0	0	0	0	0	0	0	1565	725	401	2035	263	227	245	248	233	252	231	241	230	215	242	243
14859	17050	17049	0	0	0	0	12986	13016	13047	0	0	0	0	0	0	0	0	0	0	0	0	13012	12979	13013	20029	20020	17173	13901	13818	13879	13906	15166	18026	18017	0	0	0	0	13580	14235	13644	0	0	0	0	0	0	0	0	0	0	0	0	13638	14249	13645	20462	20417	17688	15512	15372	15379	15372	0	0	0	0	0	0	0	0	0	0	0	0	0	0	0	0	0	0	0	0	0	0	0	0	0	0	0	0	0	0	0	0	1184	925	731	995	263	227	246	248	233	252	231	241	231	216	242	242
14120	14715	16740	17040	17069	17094	17114	17143	12965	12865	17135	17129	17117	17158	17103	17114	0	0	0	0	0	0	12895	12937	15021	17001	16985	16961	13748	13679	13738	13754	14422	14987	18116	17752	17691	17672	17667	17942	13774	13893	17669	17676	17690	17647	17657	17656	0	0	0	0	0	0	13863	13758	15537	17580	17573	17718	15370	15237	15230	15223	0	0	0	0	0	0	0	0	0	0	0	0	0	0	0	0	0	0	0	0	0	0	0	0	0	0	0	0	0	0	0	0	1418	898	1211	1327	263	227	246	248	233	252	231	241	230	216	242	243
15325	17390	17522	17742	13867	0	0	0	13457	13416	13401	13414	13496	0	0	0	0	0	0	13477	13420	13383	13393	13431	20310	0	0	0	14309	14236	14295	14330	15795	18613	18591	18005	14164	0	0	0	14120	15194	15433	14113	14392	0	0	0	0	0	0	13906	14129	15344	15170	14109	0	0	0	0	16006	15794	15790	15784	0	0	0	0	0	0	0	0	0	0	0	0	0	0	0	0	0	0	0	0	0	0	0	0	0	0	0	0	0	0	0	0	2450	1373	675	1067	262	227	245	247	233	252	231	241	231	216	243	243
14232	14810	16835	17029	17122	17146	17192	17284	13010	12978	12959	12975	17217	0	19813	17205	17151	0	20046	20042	12967	12944	12943	12967	16813	17135	17109	16808	13872	13782	13863	13861	14664	15309	18053	17880	17826	17815	17822	17827	13708	14018	14050	13579	17742	0	20072	17558	17823	0	20354	20477	13561	14054	14018	13744	17906	17705	17685	17842	15581	15339	15363	15459	0	0	0	0	0	0	0	0	0	0	0	0	0	0	0	0	0	0	0	0	0	0	0	0	0	0	0	0	0	0	0	0	1799	1571	533	1347	263	226	245	247	233	252	231	241	230	215	242	243
16899	16935	17254	19816	0	0	0	12826	12858	12851	0	0	0	0	0	0	0	0	0	0	0	0	12839	12832	12863	0	0	19771	13732	13677	13714	13757	18095	17823	17764	20343	0	0	0	13397	13961	13628	0	0	0	0	0	0	0	0	0	0	0	0	13588	13941	13450	0	0	20297	15352	15237	15235	15213	0	0	0	0	0	0	0	0	0	0	0	0	0	0	0	0	0	0	0	0	0	0	0	0	0	0	0	0	0	0	0	0	1681	846	1529	952	262	227	246	248	233	252	231	241	230	216	243	243
14586	14595	16759	17096	0	0	0	0	12795	12756	12758	0	0	0	0	0	0	0	0	0	0	12751	12731	12766	14949	0	0	17086	13659	13571	13625	13662	15138	15110	17991	17646	0	0	0	0	13410	13961	13376	0	0	0	0	0	0	0	0	0	0	13378	13971	13405	15384	0	0	17595	15276	15140	15116	15272	0	0	0	0	0	0	0	0	0	0	0	0	0	0	0	0	0	0	0	0	0	0	0	0	0	0	0	0	0	0	0	0	1256	899	1422	1132	262	227	245	248	233	252	231	241	230	216	242	242
14660	14740	14736	15107	15117	17522	17526	13510	13527	13501	13493	13511	17518	17509	17494	17474	15076	17495	17500	17505	13487	13465	13467	13494	13529	15049	15053	15029	14404	14324	14380	14390	15991	15953	15939	15885	15684	18519	18524	14101	14516	15319	14483	14123	18550	18533	18536	18538	15474	18459	18443	18517	14084	14448	15578	14507	14094	15945	15936	15932	16090	15877	15867	15985	0	0	0	0	0	0	0	0	0	0	0	0	0	0	0	0	0	0	0	0	0	0	0	0	0	0	0	0	0	0	0	0	1211	820	1556	2224	264	227	246	248	233	252	231	242	230	216	242	242
17440	17453	17450	17483	0	0	0	17982	13475	13438	13436	0	0	0	0	0	0	0	0	0	0	13420	13409	13438	17493	0	17812	17778	14345	14252	14319	14347	18691	18681	18647	18387	0	0	0	18473	14123	14905	14101	0	0	0	0	0	0	0	0	0	0	14109	14822	14105	18393	0	0	18311	15952	15814	15821	15809	0	0	0	0	0	0	0	0	0	0	0	0	0	0	0	0	0	0	0	0	0	0	0	0	0	0	0	0	0	0	0	0	1373	892	620	1215	263	227	246	248	233	252	231	242	231	216	243	243
17588	17649	17896	0	0	0	0	0	13570	13519	13565	0	0	0	0	0	0	0	0	0	0	13538	13489	13531	17797	20474	0	17845	14410	14335	14390	14425	18778	18500	18405	0	0	0	0	0	14291	14828	14127	0	0	0	0	0	0	0	0	0	0	14221	14808	14292	18446	0	0	18185	16029	15889	15888	15883	0	0	0	0	0	0	0	0	0	0	0	0	0	0	0	0	0	0	0	0	0	0	0	0	0	0	0	0	0	0	0	0	1505	1037	672	1019	263	226	245	248	233	252	231	242	231	216	242	243
15474	17505	17518	17779	17815	17840	17879	17910	17915	0	0	0	17868	0	0	17870	17783	0	0	0	17772	17775	17765	13606	15778	17754	17738	17710	14493	14435	14479	14505	16015	19173	18931	18456	18403	18399	18385	18699	18436	0	0	0	18405	0	0	18374	18318	0	0	0	18057	18292	18307	18319	16142	18339	18324	18446	16116	15997	15984	15969	0	0	0	0	0	0	0	0	0	0	0	0	0	0	0	0	0	0	0	0	0	0	0	0	0	0	0	0	0	0	0	0	1728	863	693	1127	262	226	245	248	233	251	231	241	230	216	243	242
14637	14666	14664	15074	15110	15132	17450	13529	13504	13473	13466	17463	17477	17470	17459	17444	17487	17505	17681	17666	13510	13456	13438	13471	13529	15319	15289	15265	14370	14290	14366	14353	16023	16004	15989	15869	15652	15599	18500	14058	14264	15716	14171	18529	18517	18496	18505	18582	18432	18423	18402	18391	13979	14183	15544	14225	14029	15912	15901	15900	15993	15841	15857	15935	0	0	0	0	0	0	0	0	0	0	0	0	0	0	0	0	0	0	0	0	0	0	0	0	0	0	0	0	0	0	0	0	1011	1035	422	2238	264	227	245	248	233	252	231	242	230	216	242	243
14931	15315	15315	17764	17765	17907	17918	15659	13738	13708	13748	17955	17966	17957	17945	17933	17867	17886	17886	17874	17870	13720	13683	13698	15246	15590	15567	15250	14607	14524	14586	14597	16182	16177	16165	18599	18577	18553	18570	16075	14531	14748	14094	18343	18456	18319	18409	18573	18605	18343	18182	18335	18393	14215	14742	14524	15852	16041	16043	16109	16246	16088	16084	16181	0	0	0	0	0	0	0	0	0	0	0	0	0	0	0	0	0	0	0	0	0	0	0	0	0	0	0	0	0	0	0	0	1529	903	669	1574	263	227	246	248	234	252	231	241	230	216	242	243
14975	15550	15545	17778	0	0	0	13706	13746	13748	0	0	0	0	0	0	0	0	0	0	0	0	13733	13723	13745	18094	0	18043	14622	14554	14603	14639	16201	16167	15947	18699	0	0	0	14440	15394	14460	0	0	0	0	0	0	0	0	0	0	0	0	14452	15302	14504	18473	0	18611	16315	16115	16100	16100	0	0	0	0	0	0	0	0	0	0	0	0	0	0	0	0	0	0	0	0	0	0	0	0	0	0	0	0	0	0	0	0	2809	935	848	1113	263	227	246	248	233	252	231	241	231	216	243	243
14688	14694	15273	17350	17619	17635	17646	17732	13485	13463	13465	17734	17744	17756	17756	17711	17731	0	0	0	0	13466	13442	13461	13514	17738	17728	17688	14364	14309	14360	14363	16183	15901	15885	18700	18526	18359	18368	18660	14482	15424	14118	18366	18371	18347	18343	18359	18281	0	0	0	0	14116	15405	14458	13973	18292	18275	18277	15974	15863	15844	15956	0	0	0	0	0	0	0	0	0	0	0	0	0	0	0	0	0	0	0	0	0	0	0	0	0	0	0	0	0	0	0	0	1248	728	441	1525	262	226	245	247	233	252	231	242	230	216	242	243
16768	16764	17019	17110	0	0	0	20163	13045	12999	12989	13018	0	0	0	0	0	0	0	0	13006	12967	12971	13018	15202	0	0	19981	13921	13809	13867	13904	18049	18031	17997	17654	0	0	0	0	13650	14167	13857	13527	0	0	0	0	0	0	0	0	13531	13863	14185	13635	17809	0	0	0	15537	15370	15372	15371	0	0	0	0	0	0	0	0	0	0	0	0	0	0	0	0	0	0	0	0	0	0	0	0	0	0	0	0	0	0	0	0	477	1190	1113	1017	262	227	246	248	233	252	231	241	231	216	242	243
14947	15546	17727	17752	18011	18180	0	18075	13739	13719	0	0	0	0	0	0	18118	0	0	0	0	0	13702	13712	18121	18121	18097	18067	14608	14546	14607	14616	16175	16094	19001	18884	18686	18438	0	18986	14965	14911	0	0	0	0	0	0	18423	0	0	0	0	0	14923	14964	18791	18632	18620	18630	16237	16103	16100	16082	0	0	0	0	0	0	0	0	0	0	0	0	0	0	0	0	0	0	0	0	0	0	0	0	0	0	0	0	0	0	0	0	1533	760	462	1331	263	227	246	248	233	252	231	242	230	216	243	242
14899	15076	17243	17344	17396	17405	0	17744	13296	13252	13260	0	0	0	0	17422	17609	0	0	0	0	13258	13236	13271	17287	17615	17600	17569	14139	14079	14126	14159	15969	15466	18269	18251	18258	18081	0	18286	13891	14274	13811	0	0	0	0	17746	18150	0	0	0	0	13802	14260	13873	18207	18177	18160	18167	15840	15634	15620	15616	0	0	0	0	0	0	0	0	0	0	0	0	0	0	0	0	0	0	0	0	0	0	0	0	0	0	0	0	0	0	0	0	2346	847	919	1116	262	226	245	247	233	252	230	242	230	216	243	242
14547	14560	15013	17261	17532	17566	17607	13366	13391	13368	17661	17654	17669	17675	17660	17623	17631	0	0	0	0	0	13353	13366	13426	17629	17602	17569	14256	14221	14269	14266	15827	15799	15767	18299	18286	18268	18266	13881	14421	14320	18282	18275	18288	18267	18257	18273	18179	0	0	0	0	0	14289	14369	13856	18192	18177	18178	15873	15778	15756	15722	0	0	0	0	0	0	0	0	0	0	0	0	0	0	0	0	0	0	0	0	0	0	0	0	0	0	0	0	0	0	0	0	1497	491	610	1477	263	227	246	247	232	252	231	241	230	215	242	242
14120	14522	13729	13703	13712	13792	13776	13724	13784	14867	14857	13744	13733	13731	14832	14201	15667	15663	13778	13758	13778	15558	14446	13815	13820	13833	14450	13757	14659	14609	14636	14664	16465	16330	14352	16128	14652	14303	14334	14768	14688	16281	16271	14353	14901	14368	16253	14641	16203	16172	14461	14969	14391	16199	14776	14976	15017	15001	14925	14853	16345	16168	16133	16250	0	0	0	0	0	0	0	0	0	0	0	0	0	0	0	0	0	0	0	0	0	0	0	0	0	0	0	0	0	0	0	0	8191	1102	1303	3596	265	227	245	247	233	252	231	241	231	216	243	243
15173	17249	17378	17603	17638	0	0	0	13344	13310	13305	0	0	0	0	0	17700	0	0	0	0	13300	13287	13315	13378	17666	17654	17618	14193	14133	14195	14222	15678	18331	18323	18275	18271	0	0	0	14135	15422	14098	0	0	0	0	0	0	0	0	0	0	14080	15396	14112	18265	18185	18124	18184	15879	15688	15689	15679	0	0	0	0	0	0	0	0	0	0	0	0	0	0	0	0	0	0	0	0	0	0	0	0	0	0	0	0	0	0	0	0	2948	1563	1043	1162	263	227	245	248	233	252	230	241	230	216	242	243
14528	14537	14537	17270	17466	17474	17494	13323	13354	13348	17588	17586	17594	17592	17504	17381	17563	17577	17581	17585	17559	17559	13326	13324	13353	17285	17271	17240	14224	14206	14225	14225	15786	15772	15752	18418	18389	18378	18384	13991	14796	14099	18245	18249	18187	18149	18145	18234	18288	18131	18120	18106	18110	18120	14103	14759	14068	18298	18281	18270	15840	15766	15715	15806	0	0	0	0	0	0	0	0	0	0	0	0	0	0	0	0	0	0	0	0	0	0	0	0	0	0	0	0	0	0	0	0	1573	320	1093	1737	262	226	245	248	233	251	230	241	230	216	242	242
14442	14452	14455	17257	17264	17272	17279	17281	13264	13231	13233	17304	17305	17295	17283	17262	17392	17431	0	17426	17416	13220	13198	13227	14766	15120	15101	15068	14124	14046	14116	14114	15710	15708	15688	18217	18124	18097	18069	18219	13879	14281	13804	17955	17998	17864	17955	18075	18099	18031	0	17711	17872	13791	14272	13861	15363	15465	15602	15639	15789	15604	15610	15655	0	0	0	0	0	0	0	0	0	0	0	0	0	0	0	0	0	0	0	0	0	0	0	0	0	0	0	0	0	0	0	0	1661	839	540	1581	263	227	246	248	233	252	231	241	230	216	242	243
14871	17509	17645	17748	17875	0	0	0	13631	13606	13638	0	0	0	0	0	0	0	0	0	0	13619	13573	13589	17646	17777	17774	17725	14501	14425	14490	14493	15149	18879	18859	18554	18396	0	0	0	14396	14560	14098	0	0	0	0	0	0	0	0	0	0	14105	14537	14378	19094	18309	18285	18333	16214	15985	15985	15956	0	0	0	0	0	0	0	0	0	0	0	0	0	0	0	0	0	0	0	0	0	0	0	0	0	0	0	0	0	0	0	0	1286	873	596	1352	262	226	246	247	233	252	230	241	230	216	242	242
14666	15236	17221	17474	17604	17613	17627	17643	13467	13438	13426	13466	17709	17723	17685	17652	17823	0	0	0	13467	13418	13418	13434	17484	17816	17801	17589	14336	14279	14333	14343	15883	15875	18697	18319	18307	18290	18292	18497	14109	15409	15151	13998	18310	18292	18286	18295	18256	0	0	0	13998	15153	15347	14105	18422	18340	18317	18343	15956	15836	15818	15906	0	0	0	0	0	0	0	0	0	0	0	0	0	0	0	0	0	0	0	0	0	0	0	0	0	0	0	0	0	0	0	0	1784	813	736	1600	263	227	245	248	233	252	231	241	230	216	243	243
15081	15089	17245	17301	17470	0	20416	17596	13263	13240	0	0	0	0	0	0	17411	0	0	0	0	13279	13219	13231	17081	17396	17383	17352	14169	14070	14129	14138	15633	15488	18468	18142	18027	0	0	18031	14127	14158	0	0	0	0	0	0	17906	0	0	0	0	13584	14153	14121	17993	17965	17945	17945	15777	15627	15623	15603	0	0	0	0	0	0	0	0	0	0	0	0	0	0	0	0	0	0	0	0	0	0	0	0	0	0	0	0	0	0	0	0	360	622	497	1206	262	227	246	248	233	252	231	242	230	216	242	243
14845	14857	14865	15241	15250	15276	17727	15584	13668	13623	13634	17882	17738	17886	17871	17709	15209	17661	17661	17657	17643	13612	13596	13617	15157	15197	15188	15165	14517	14446	14504	14515	16126	16123	16107	16003	15796	15632	18599	16103	14588	15140	14209	18366	18424	18347	18407	18546	18669	18614	18586	18586	18593	14201	15214	14562	15936	16049	16038	16038	16149	16007	15997	16114	0	0	0	0	0	0	0	0	0	0	0	0	0	0	0	0	0	0	0	0	0	0	0	0	0	0	0	0	0	0	0	0	1367	752	639	1970	263	227	245	248	234	252	231	242	231	216	242	243
17438	17542	17552	20384	0	0	0	13501	13527	13513	13551	0	0	0	0	0	0	0	0	0	0	13550	13500	13504	13550	0	0	20463	14410	14338	14391	14420	18836	18835	18819	0	0	0	0	14061	14674	14528	14070	0	0	0	0	0	0	0	0	0	0	14071	14493	14636	14126	0	0	0	16027	15891	15887	15881	0	0	0	0	0	0	0	0	0	0	0	0	0	0	0	0	0	0	0	0	0	0	0	0	0	0	0	0	0	0	0	0	1589	913	610	1117	262	226	245	247	232	251	230	241	230	215	242	242
14318	14329	14770	14796	17192	17211	17211	17221	13149	13127	17434	17416	17214	17221	17218	17185	17342	17354	17357	17339	17331	17335	13103	13116	14708	17326	17310	17280	14040	13953	14012	14026	15637	15621	15605	15268	18059	18047	18048	18158	13967	14017	18039	18074	17973	17955	17943	18101	18010	17878	17783	17862	17864	17880	14002	13926	15271	17911	17896	17909	15648	15512	15504	15612	0	0	0	0	0	0	0	0	0	0	0	0	0	0	0	0	0	0	0	0	0	0	0	0	0	0	0	0	0	0	0	0	956	790	854	1694	263	227	246	248	233	252	231	241	231	216	242	243
15326	15330	17604	17662	20477	0	0	13473	13517	13506	13506	0	13523	13479	13498	0	0	13519	13487	13515	13556	13494	13477	13493	13510	20415	0	20369	14392	14336	14382	14411	15875	15861	18546	18371	0	0	0	14149	15182	14543	14194	0	14073	14461	14057	0	0	14084	14455	14065	0	14217	14518	15100	14228	0	0	0	16013	15885	15871	15939	0	0	0	0	0	0	0	0	0	0	0	0	0	0	0	0	0	0	0	0	0	0	0	0	0	0	0	0	0	0	0	0	1705	785	761	1170	262	226	246	247	233	252	231	242	231	215	242	242
14247	14260	14659	16991	17186	17203	17228	13014	13046	13026	13041	17293	17305	17303	17293	17284	0	0	0	0	0	13047	13003	13014	13066	0	17283	17232	13926	13844	13908	13914	15760	15759	15485	18290	18268	17930	17939	13527	14086	14024	13554	17930	17910	17884	17878	18217	0	0	0	0	0	13560	13991	14061	13602	0	17694	17813	15536	15412	15396	15677	0	0	0	0	0	0	0	0	0	0	0	0	0	0	0	0	0	0	0	0	0	0	0	0	0	0	0	0	0	0	0	0	1177	823	1151	1641	263	227	246	248	232	252	231	241	231	216	242	243
14369	14822	17067	17270	17270	0	0	13198	13215	13188	13256	0	0	0	0	0	17373	17408	17397	17381	17388	13198	13162	13168	13197	17116	17100	17047	14089	13994	14071	14073	15643	15633	18220	18127	17986	0	0	13838	14909	14472	13866	0	0	0	0	0	18075	0	0	17898	0	13959	14454	14894	13924	18108	18003	18151	15700	15547	15570	15640	0	0	0	0	0	0	0	0	0	0	0	0	0	0	0	0	0	0	0	0	0	0	0	0	0	0	0	0	0	0	0	0	1783	1325	568	1721	263	227	245	248	234	252	231	241	230	216	242	243
13372	13368	13359	13062	13049	13025	12981	12959	13039	13024	13006	13050	13111	13086	13007	12993	12985	12993	13037	13054	12994	12977	12971	12995	12995	12987	13020	13322	13880	13823	13883	13902	13898	13898	13897	13911	13963	13612	14080	15140	13763	14366	14210	13650	14022	13997	14094	14391	14507	14180	13921	13943	14034	14227	14374	13754	15472	14208	14040	14054	15565	15379	15376	15500	0	0	0	0	0	0	0	0	0	0	0	0	0	0	0	0	0	0	0	0	0	0	0	0	0	0	0	0	0	0	0	0	2714	1512	607	1056	263	227	245	248	233	252	231	242	230	216	242	243
15450	17481	17481	17772	17800	17815	17830	17856	17894	13549	17870	17850	17858	17852	17850	17839	17764	17776	0	17761	17749	17757	13523	17766	15727	17732	17714	17673	14449	14381	14421	14453	15943	19158	18867	18399	18389	18384	18387	18662	18456	14409	18397	18393	18407	18380	18371	18385	18347	18288	0	18172	18284	18276	14409	18303	16261	18342	18321	19105	16069	15936	15920	16007	0	0	0	0	0	0	0	0	0	0	0	0	0	0	0	0	0	0	0	0	0	0	0	0	0	0	0	0	0	0	0	0	1211	741	1008	1250	263	227	246	248	233	252	231	242	231	216	242	243
13882	13881	13877	13877	14034	14252	14015	12786	12805	12787	12813	14432	14311	14455	14307	14300	14312	14357	14682	14309	14300	12794	12759	12764	12813	14300	14288	13995	13679	13594	13672	13664	15319	15291	15273	15247	15242	15234	15245	13347	14125	14109	13391	15206	15269	15255	15267	15261	15220	14883	15203	15245	14863	13383	14062	14082	13409	15258	15250	15244	15302	15148	15170	15253	0	0	0	0	0	0	0	0	0	0	0	0	0	0	0	0	0	0	0	0	0	0	0	0	0	0	0	0	0	0	0	0	1719	1062	420	3239	265	227	245	248	233	251	230	242	231	216	242	242
14778	16993	17025	17207	17228	0	0	12933	12941	12923	12945	0	0	0	0	0	0	0	0	0	0	12925	12899	12913	12941	19769	19753	17136	13812	13754	13808	13833	18087	18077	17814	0	17746	0	0	13492	14245	14292	13527	0	0	0	0	0	0	0	0	0	0	13544	14284	14266	13536	20272	20396	17600	15434	15311	15297	15293	0	0	0	0	0	0	0	0	0	0	0	0	0	0	0	0	0	0	0	0	0	0	0	0	0	0	0	0	0	0	0	0	1640	865	731	1226	263	227	246	248	233	252	231	242	230	216	242	243
16730	16788	16795	19660	0	0	0	0	12805	12755	0	0	0	0	0	0	0	0	0	0	0	12783	12723	12760	17133	17138	17112	17085	13656	13566	13637	13653	18007	17998	17967	20109	0	0	0	0	13442	13766	13097	0	0	0	0	0	0	0	0	0	0	13280	13766	13445	17696	20151	20123	17631	15269	15127	15138	15123	0	0	0	0	0	0	0	0	0	0	0	0	0	0	0	0	0	0	0	0	0	0	0	0	0	0	0	0	0	0	0	0	1087	1048	554	1024	262	227	246	248	234	252	231	242	230	216	242	243
14902	17116	17302	0	0	0	0	0	0	13055	13055	0	0	0	0	0	0	0	0	0	0	13049	13031	0	17345	17402	17390	17364	13949	13878	13920	13966	15393	18146	17995	0	0	0	0	0	0	13995	13746	0	0	0	0	0	0	0	0	0	0	13754	13987	0	17984	17936	17890	17916	16524	15467	15419	15424	0	0	0	0	0	0	0	0	0	0	0	0	0	0	0	0	0	0	0	0	0	0	0	0	0	0	0	0	0	0	0	0	1840	1097	1199	1129	262	227	245	247	233	252	231	242	230	216	242	242
12961	12991	0	0	0	0	0	0	0	0	0	13014	12987	12971	12995	0	0	13014	12977	12971	13011	0	0	0	0	0	0	0	13886	13821	13886	13939	14409	13584	0	0	0	0	0	0	0	0	0	13565	13995	14119	13585	0	0	13608	14155	14010	13547	0	0	0	0	0	0	0	16582	15379	15379	15406	0	0	0	0	0	0	0	0	0	0	0	0	0	0	0	0	0	0	0	0	0	0	0	0	0	0	0	0	0	0	0	0	2463	1386	904	278	262	228	245	248	233	252	231	242	230	216	242	243
14946	14964	14981	17727	17782	17798	17808	17818	13823	13747	13766	17987	17820	17825	17812	17792	17937	0	0	0	17946	13754	13712	13807	15298	17932	17915	17878	14641	14572	14630	14635	16240	16219	16179	15418	18732	18677	18627	18770	14450	15115	14375	18608	18564	18507	18544	18733	18618	0	0	0	18402	14356	15072	14430	15888	18670	18653	18642	16261	16134	16125	16105	0	0	0	0	0	0	0	0	0	0	0	0	0	0	0	0	0	0	0	0	0	0	0	0	0	0	0	0	0	0	0	0	1437	996	669	1605	263	226	245	248	233	252	230	241	230	216	242	243
15472	15476	15474	17827	17892	18023	18023	18031	13682	13644	13640	0	0	0	0	18055	0	0	0	0	0	13644	13626	13664	17953	0	0	0	14536	14476	14531	14543	16106	16021	15997	18892	18571	18538	18542	18922	14313	14995	14343	0	0	0	0	0	0	0	0	0	0	14339	14967	14304	18540	0	0	0	16225	16037	16023	16009	0	0	0	0	0	0	0	0	0	0	0	0	0	0	0	0	0	0	0	0	0	0	0	0	0	0	0	0	0	0	0	0	1581	772	464	1321	262	227	245	248	233	252	231	241	230	215	242	242
14318	14889	14887	17215	17291	19975	0	13058	13099	13099	0	0	0	0	0	0	19924	0	0	0	0	19923	13081	13066	13092	19917	17461	17425	13973	13930	13975	13983	14771	15415	15366	17981	17911	0	0	13766	14578	13759	0	0	0	0	0	0	20447	0	0	0	0	20293	13774	14512	13839	20460	17810	17963	15654	15485	15461	15609	0	0	0	0	0	0	0	0	0	0	0	0	0	0	0	0	0	0	0	0	0	0	0	0	0	0	0	0	0	0	0	0	1708	458	573	1292	262	227	246	248	233	252	231	241	230	216	242	243
14723	14740	15077	17540	17544	17559	17643	17570	13513	13485	13497	0	17728	0	17578	17553	17487	17661	17652	17650	17476	13462	13446	13459	14993	15030	15029	14993	14375	14298	14369	14368	15971	15954	15941	18477	18238	18225	18227	18464	14370	14704	14073	0	18204	0	18008	18213	18429	18331	18178	18271	18195	14061	14723	14347	15612	15923	15904	15903	16001	15854	15865	15830	0	0	0	0	0	0	0	0	0	0	0	0	0	0	0	0	0	0	0	0	0	0	0	0	0	0	0	0	0	0	0	0	1302	890	464	1648	263	227	246	248	232	252	231	242	230	216	243	242
14708	15102	15265	17526	17583	17669	17681	17696	13492	13454	13451	17727	17744	17744	17734	17705	17669	0	0	0	0	13438	13426	13454	17552	17670	17660	17608	14349	14275	14338	14360	15935	15931	15909	18343	18335	18288	18311	18347	14204	15076	14153	18297	18305	18219	18120	18315	18227	0	0	0	0	14170	15026	14190	18435	18277	18207	18324	15964	15828	15824	15938	0	0	0	0	0	0	0	0	0	0	0	0	0	0	0	0	0	0	0	0	0	0	0	0	0	0	0	0	0	0	0	0	1381	934	938	1333	262	227	246	248	233	252	231	241	231	216	242	243
14116	14186	14516	16965	16966	16984	16983	14884	12971	12931	12951	17147	17002	17210	16997	16967	17107	0	0	0	0	12939	12899	12935	14472	16971	16948	14493	13827	13738	13800	13818	15402	15390	15381	17917	17815	17795	17798	15362	13815	14129	13580	17791	17691	0	17671	17799	17766	0	0	0	0	13556	14125	13811	15080	17677	17869	15310	15525	15297	15297	15284	0	0	0	0	0	0	0	0	0	0	0	0	0	0	0	0	0	0	0	0	0	0	0	0	0	0	0	0	0	0	0	0	1540	1018	1743	1576	263	227	245	248	233	252	230	242	230	216	243	242
14101	14105	16718	16981	16990	17004	17016	12845	12859	17150	17138	17118	17103	17125	17057	17017	17057	17070	0	17049	17053	17059	17047	12826	12867	17042	17023	16762	13722	13674	13738	13736	15555	15554	17914	17855	17654	17647	17641	13412	13845	17686	17663	17647	17669	17645	17645	17642	17608	17505	0	17502	17555	17579	17588	13823	13472	17764	17600	17715	15412	15233	15230	15192	0	0	0	0	0	0	0	0	0	0	0	0	0	0	0	0	0	0	0	0	0	0	0	0	0	0	0	0	0	0	0	0	3025	887	472	1510	262	226	245	247	233	252	231	241	230	215	242	243
14142	14156	14571	14590	14589	16982	16986	16989	12945	12929	17025	17010	17019	17006	16998	16978	17142	17162	17167	17148	17148	17148	12919	12919	14491	16854	16840	14805	13814	13765	13810	13830	15416	15402	15387	15131	15059	17953	17959	17982	14001	13959	17931	17802	17784	17772	17770	18006	17863	17796	17700	17700	17696	17704	13949	13989	15105	17880	17862	15254	15527	15325	15308	15417	0	0	0	0	0	0	0	0	0	0	0	0	0	0	0	0	0	0	0	0	0	0	0	0	0	0	0	0	0	0	0	0	2360	899	747	1831	263	227	245	248	233	252	231	242	231	216	243	243
14470	14473	14478	14513	14521	14859	14867	14867	14923	13364	17424	17407	14909	17401	17266	14873	14918	17321	17321	17317	17293	15166	13319	15173	14402	15150	15135	15110	14255	14164	14255	14246	15914	15893	15855	15760	15736	15344	15351	15824	15424	14430	18415	18407	18412	18402	18393	15335	15752	18719	18525	18835	18843	15732	14425	15768	15805	15792	15782	15793	15881	15720	15744	15817	0	0	0	0	0	0	0	0	0	0	0	0	0	0	0	0	0	0	0	0	0	0	0	0	0	0	0	0	0	0	0	0	2065	1424	1025	2964	264	227	245	248	233	252	231	242	230	216	242	243
14798	14806	17424	17616	17736	17866	17819	13525	13562	13566	0	0	0	0	0	0	17744	0	0	0	0	0	13539	13523	13551	17737	17723	17692	14450	14364	14423	14435	16025	15905	18579	18553	18468	18368	18389	14116	14798	14205	0	0	0	0	0	0	18214	0	0	0	0	0	14185	14796	14168	18288	18271	18271	16140	15913	15915	16031	0	0	0	0	0	0	0	0	0	0	0	0	0	0	0	0	0	0	0	0	0	0	0	0	0	0	0	0	0	0	0	0	1430	1080	950	1403	263	226	246	248	233	252	231	241	230	216	242	242
14887	14919	17079	17155	17354	17483	20391	17357	13330	13243	0	20422	20418	0	20422	20401	17175	17201	17197	17189	17150	17152	13211	13298	14769	17138	17126	17105	14141	14052	14119	14141	15750	15667	18599	18579	18071	18006	0	18105	14192	14340	0	0	0	0	0	0	18540	17772	17760	17753	17760	17768	14357	14207	15419	18564	18544	18542	15757	15694	15616	15607	0	0	0	0	0	0	0	0	0	0	0	0	0	0	0	0	0	0	0	0	0	0	0	0	0	0	0	0	0	0	0	0	1334	2037	975	1458	263	227	246	248	233	252	231	242	231	215	242	243
14429	14446	14464	14875	14881	17291	17289	17298	13240	17359	17339	17327	17311	17301	17289	17272	17431	17440	20289	17437	17433	17435	17429	13208	14781	17410	17126	15074	14130	14037	14114	14129	15717	15701	15683	15433	15441	18242	18251	18266	14120	13305	18079	18249	18063	18002	18094	18292	18103	17974	0	17896	17957	17970	17973	14110	15388	18165	18171	15644	15749	15590	15620	15606	0	0	0	0	0	0	0	0	0	0	0	0	0	0	0	0	0	0	0	0	0	0	0	0	0	0	0	0	0	0	0	0	1657	1421	571	1773	263	227	246	248	233	252	231	242	230	216	243	243
14498	14501	14893	17175	17295	17446	17325	17336	13303	13267	13267	17512	17317	17323	17317	17301	17447	17464	17472	17462	17449	13258	13237	13269	14820	17426	17410	17147	14166	14099	14162	14151	15744	15734	15726	18273	18159	18141	18144	18157	13999	14901	13943	18166	18174	18159	18153	18275	18126	18008	17848	17977	17993	13969	14839	14001	15404	18188	18218	18298	15789	15660	15650	15741	0	0	0	0	0	0	0	0	0	0	0	0	0	0	0	0	0	0	0	0	0	0	0	0	0	0	0	0	0	0	0	0	1348	710	475	1730	262	227	246	248	233	252	231	242	230	216	243	243
14465	14560	14564	14584	14987	14996	15007	15019	13395	13361	13367	15035	15055	15062	15064	15034	17607	0	0	0	20447	13368	13337	13374	14933	17604	17577	14925	14259	14181	14247	14252	15878	15875	15865	15843	15679	15558	15768	15878	14175	14707	14054	15556	15560	15407	15587	15836	18247	0	0	0	0	13953	14668	14120	15528	18347	18330	15802	15877	15738	15740	15828	0	0	0	0	0	0	0	0	0	0	0	0	0	0	0	0	0	0	0	0	0	0	0	0	0	0	0	0	0	0	0	0	1362	868	604	2069	264	226	246	248	233	252	231	242	230	216	243	243
14145	14157	14525	14541	14547	14551	16957	16967	12953	12906	12911	16982	16974	16967	16953	16933	17073	17091	17099	17092	17090	12899	12875	12914	14437	14500	14486	14462	13792	13744	13794	13786	15384	15375	15362	15062	15081	15056	17921	17930	13538	14125	13567	17744	17723	17694	17727	17949	17878	17775	17552	17746	17613	13571	14134	13515	15064	15243	15333	15339	15415	15308	15276	15421	0	0	0	0	0	0	0	0	0	0	0	0	0	0	0	0	0	0	0	0	0	0	0	0	0	0	0	0	0	0	0	0	1640	753	764	1833	263	227	246	247	234	252	231	242	230	216	243	243
14967	14977	14973	14999	15407	17774	17778	13817	13790	13760	13770	17790	17798	17788	17782	17764	17913	17955	17959	17935	17946	13752	13727	13750	13829	17644	15608	15583	14660	14578	14649	14635	16221	16205	16194	15913	15914	18739	18742	14342	14650	15646	14452	18751	18636	18620	18671	18785	18682	18486	18438	18479	18468	14444	15604	14643	14328	18684	16046	16144	16284	16136	16140	16217	0	0	0	0	0	0	0	0	0	0	0	0	0	0	0	0	0	0	0	0	0	0	0	0	0	0	0	0	0	0	0	0	1142	769	542	1781	263	227	245	248	233	252	231	241	231	216	242	243
13998	14019	14023	14443	14452	14465	16868	12825	12851	12832	12859	16906	16886	16883	16854	16832	16999	19843	17029	17007	17003	12849	12797	12810	12849	14704	14674	14642	13732	13636	13722	13709	15306	15294	15281	15027	15003	14987	17825	13336	13867	13821	13323	17826	17726	17690	17705	17860	17773	20435	20416	17462	17504	13330	13786	13838	13407	15093	15230	15234	15353	15194	15220	15348	0	0	0	0	0	0	0	0	0	0	0	0	0	0	0	0	0	0	0	0	0	0	0	0	0	0	0	0	0	0	0	0	1113	890	773	1759	263	227	246	247	233	252	231	242	230	216	242	243
0	0	0	0	0	0	0	13377	13364	13416	0	0	0	0	0	0	0	0	0	0	0	0	13387	13345	13389	0	0	0	14256	14179	14213	14275	0	0	0	0	0	0	0	13927	14469	13969	0	0	0	0	0	0	0	0	0	0	0	0	13956	14465	13995	0	0	0	15868	15740	15846	15732	0	0	0	0	0	0	0	0	0	0	0	0	0	0	0	0	0	0	0	0	0	0	0	0	0	0	0	0	0	0	0	0	1356	773	3251	738	262	227	245	248	233	251	230	241	230	216	242	243
14426	14470	14819	14835	14845	17290	17290	13213	13236	13212	13213	17459	17301	17312	17295	17275	17396	17411	20261	17405	17395	13211	13187	13203	13241	17381	17262	17079	14118	14025	14090	14114	15710	15705	15696	15377	15357	18094	18091	13774	14270	14577	13841	18102	18107	18095	0	18098	18091	17965	0	17921	17925	13829	14540	14278	13833	18222	18211	18203	15734	15579	15577	15702	0	0	0	0	0	0	0	0	0	0	0	0	0	0	0	0	0	0	0	0	0	0	0	0	0	0	0	0	0	0	0	0	1016	1384	1069	1740	263	227	246	248	233	252	231	241	231	216	242	243
14965	17050	17045	17412	20034	0	0	13118	13151	13148	13274	0	0	0	0	0	0	0	0	0	0	13187	13129	13119	13148	19980	19959	19934	14040	13974	14023	14041	15458	18418	18405	17990	0	0	0	13829	15548	14086	13535	0	0	0	0	0	0	0	0	0	0	13788	14073	15575	13946	20460	20430	0	15658	15531	15514	15500	0	0	0	0	0	0	0	0	0	0	0	0	0	0	0	0	0	0	0	0	0	0	0	0	0	0	0	0	0	0	0	0	1333	802	606	1078	263	226	246	248	233	252	231	242	230	216	243	243
14967	14975	17133	17424	17444	17485	17510	17501	13181	13148	13165	0	0	0	0	0	0	0	0	0	0	13161	13122	13151	17542	17550	19995	17500	14042	13962	14028	14044	15536	15507	18405	18039	18005	17973	17791	18398	13951	14239	13719	0	0	0	0	0	0	0	0	0	0	13723	14207	13917	18128	0	0	18029	15657	15523	15523	15509	0	0	0	0	0	0	0	0	0	0	0	0	0	0	0	0	0	0	0	0	0	0	0	0	0	0	0	0	0	0	0	0	1190	859	441	1290	263	227	246	247	233	252	230	241	230	216	242	243
16910	16922	16919	0	0	0	0	0	12941	12916	12921	0	0	0	0	0	0	0	0	0	0	12915	12895	12910	17198	0	0	0	13814	13738	13796	13822	18157	18130	18074	0	0	0	0	0	13711	13978	13507	0	0	0	0	0	0	0	0	0	0	13502	13972	13691	17832	0	0	0	15510	15297	15291	15470	0	0	0	0	0	0	0	0	0	0	0	0	0	0	0	0	0	0	0	0	0	0	0	0	0	0	0	0	0	0	0	0	1695	832	732	962	262	227	245	248	233	252	231	242	231	215	243	242
13960	13999	14030	14439	14446	14461	14482	14495	12836	12806	12814	16894	16894	16886	16874	16854	16975	17000	17006	16994	16991	12803	12774	12794	14336	14385	14377	14352	13704	13626	13686	13686	15304	15304	15288	14987	14989	14971	14951	15316	13650	14009	13436	17661	17669	17657	17653	17662	17717	17681	17508	17526	17514	13420	14023	13619	14965	14873	15198	15235	15331	15190	15176	15223	0	0	0	0	0	0	0	0	0	0	0	0	0	0	0	0	0	0	0	0	0	0	0	0	0	0	0	0	0	0	0	0	1135	846	1113	1866	263	227	246	248	233	252	231	242	231	216	243	243
14612	15151	15142	17425	17588	0	0	13324	13344	13359	0	0	0	0	0	0	0	0	0	0	0	0	13346	13309	13361	0	0	17540	14228	14148	14217	14230	14971	15694	15667	18221	18175	0	0	13917	14498	14001	0	0	0	0	0	0	0	0	0	0	0	0	13979	14455	13985	0	0	18055	15900	15702	15712	15694	0	0	0	0	0	0	0	0	0	0	0	0	0	0	0	0	0	0	0	0	0	0	0	0	0	0	0	0	0	0	0	0	1288	855	501	1093	263	226	246	248	233	251	231	241	230	216	242	243
17385	17396	17403	0	0	0	0	0	13388	13342	13378	0	0	0	0	0	0	0	0	0	0	13368	13319	13359	17729	17728	17713	17680	14240	14173	14229	14256	18613	18609	18585	0	0	0	0	0	14109	14493	13951	0	0	0	0	0	0	0	0	0	0	13956	14517	14112	18286	18113	18021	18235	15858	15732	15719	15711	0	0	0	0	0	0	0	0	0	0	0	0	0	0	0	0	0	0	0	0	0	0	0	0	0	0	0	0	0	0	0	0	1520	898	812	1100	262	227	245	248	234	252	230	241	231	216	242	243
15499	17702	17702	17754	17839	17878	0	0	13694	13657	13660	0	0	0	0	0	17851	0	0	0	20453	13632	13615	13642	17672	17824	17808	17774	14551	14470	14534	14538	16039	18922	18908	18599	18461	18389	0	0	14370	15013	14295	0	0	0	0	0	18581	0	0	0	0	14289	14999	14396	19172	18604	18584	18580	16291	16029	16029	16005	0	0	0	0	0	0	0	0	0	0	0	0	0	0	0	0	0	0	0	0	0	0	0	0	0	0	0	0	0	0	0	0	1596	983	902	1575	263	227	246	247	233	252	231	242	230	216	243	243
14227	14814	17013	19948	19998	20017	20025	12982	13002	13020	0	0	0	0	0	0	0	0	0	0	0	0	13018	12971	13021	0	0	0	13892	13806	13851	13898	15437	15296	18229	0	0	20399	20460	13811	14608	13792	0	0	0	0	0	0	0	0	0	0	0	0	13736	14534	13880	0	0	0	15503	15365	15343	15360	0	0	0	0	0	0	0	0	0	0	0	0	0	0	0	0	0	0	0	0	0	0	0	0	0	0	0	0	0	0	0	0	1442	1042	2513	1211	263	227	246	248	233	253	231	241	231	215	243	243
17455	17489	17719	0	0	0	0	13391	13426	13433	0	0	0	0	0	0	0	0	0	0	0	0	13410	13385	13420	0	0	0	14315	14232	14297	14316	18641	18301	18268	0	0	0	0	13912	14422	13968	0	0	0	0	0	0	0	0	0	0	0	0	13959	14392	13987	0	0	0	15927	15786	15794	15782	0	0	0	0	0	0	0	0	0	0	0	0	0	0	0	0	0	0	0	0	0	0	0	0	0	0	0	0	0	0	0	0	1408	868	518	870	262	226	245	248	233	251	231	242	230	216	242	243
14806	15514	15506	17945	17987	17989	17993	13707	13699	13698	0	0	0	0	0	18148	0	0	0	0	0	0	13690	13674	13757	0	0	0	14582	14505	14566	14573	16076	16075	16053	18955	18647	18630	18597	14270	15132	14564	0	0	0	0	0	18409	0	0	0	0	0	0	14551	15077	14360	0	0	0	16201	16061	16059	16129	0	0	0	0	0	0	0	0	0	0	0	0	0	0	0	0	0	0	0	0	0	0	0	0	0	0	0	0	0	0	0	0	1070	931	662	1412	263	227	245	248	233	252	231	241	230	216	242	243
14160	14182	14553	14568	14582	17029	17025	12948	12967	12947	20141	20115	16974	16973	16959	16942	17217	20007	20007	19997	19957	12978	12919	12923	12966	16813	14833	14797	13849	13764	13837	13835	15479	15461	15418	15073	15062	17804	17819	13525	14369	14147	0	0	17493	17307	17489	17790	17775	0	0	0	0	13279	14158	14338	13580	18233	15214	15359	15466	15325	15340	15299	0	0	0	0	0	0	0	0	0	0	0	0	0	0	0	0	0	0	0	0	0	0	0	0	0	0	0	0	0	0	0	0	1277	808	555	1520	263	227	245	247	232	252	231	241	231	215	242	243
14746	14753	14755	17546	17695	17713	17731	17886	13547	13525	13564	0	17764	0	17753	17753	0	0	0	0	0	13554	13504	13513	17551	17686	17677	17645	14418	14349	14414	14425	15976	15331	15182	18566	18577	18500	18553	18593	14409	14545	14107	0	18263	0	18219	18468	0	0	0	0	0	14090	14477	14402	18273	18188	18169	18450	16053	15903	15901	15987	0	0	0	0	0	0	0	0	0	0	0	0	0	0	0	0	0	0	0	0	0	0	0	0	0	0	0	0	0	0	0	0	1448	1057	674	1432	263	227	245	248	234	252	231	242	231	217	243	243
14666	15041	15048	17483	17484	17638	17656	15384	13444	13401	13408	0	0	0	0	0	17584	0	0	0	0	13387	13377	13405	14977	17584	17583	15273	14290	14226	14288	14299	15907	15903	15893	18317	18197	18158	18136	15842	14030	14604	14058	0	0	0	0	0	18138	0	0	0	0	14070	14624	14020	15560	18160	18140	15768	15923	15786	15781	15762	0	0	0	0	0	0	0	0	0	0	0	0	0	0	0	0	0	0	0	0	0	0	0	0	0	0	0	0	0	0	0	0	1478	862	619	1353	263	227	245	248	232	252	231	242	231	216	243	242
0	0	0	0	0	0	0	12967	13004	12996	0	0	0	0	0	0	0	0	0	0	0	0	12982	12979	12999	0	0	0	13871	13831	13868	13939	0	0	0	0	0	0	0	13551	14231	13696	0	0	0	0	0	0	0	0	0	0	0	0	13695	14230	13612	0	0	0	15566	15386	15363	15410	0	0	0	0	0	0	0	0	0	0	0	0	0	0	0	0	0	0	0	0	0	0	0	0	0	0	0	0	0	0	0	0	3101	784	755	270	261	226	245	247	233	251	231	241	230	216	243	242
14690	14702	16905	17047	17089	17099	0	20047	17158	12853	0	0	0	0	0	0	0	0	0	0	0	0	12819	0	16921	17049	17042	16993	13753	13675	13738	13745	15222	17925	17909	17676	17657	17592	0	0	17647	13752	0	0	0	0	0	0	0	0	0	0	0	0	13759	0	17824	17786	17721	17778	15371	15237	15233	15205	0	0	0	0	0	0	0	0	0	0	0	0	0	0	0	0	0	0	0	0	0	0	0	0	0	0	0	0	0	0	0	0	1323	886	693	1355	262	226	245	247	233	252	230	241	230	215	243	242
13963	13973	13978	13997	14002	14015	14024	12857	12906	12906	14067	14034	14042	14050	14044	14020	13912	14013	14117	14123	14084	12913	12862	12855	12873	12910	13558	13530	13789	13705	13820	13760	15604	15567	15418	15321	15304	15296	15306	13748	15034	13592	14589	14613	14647	14613	14590	15351	15281	15298	15284	15294	15263	13399	13691	15305	13796	13435	15287	15283	15412	15271	15388	15312	0	0	0	0	0	0	0	0	0	0	0	0	0	0	0	0	0	0	0	0	0	0	0	0	0	0	0	0	0	0	0	0	1274	876	60	8191	266	227	246	248	232	253	231	241	231	215	243	243
15593	17780	17795	18045	0	0	0	0	13763	0	0	0	0	0	0	0	0	0	0	0	0	0	13782	13738	13788	0	0	0	14636	14583	14643	14657	16086	18758	18743	18561	0	0	0	0	14654	0	0	0	0	0	0	0	0	0	0	0	0	0	14168	14674	14077	0	0	0	16258	16143	16138	16127	0	0	0	0	0	0	0	0	0	0	0	0	0	0	0	0	0	0	0	0	0	0	0	0	0	0	0	0	0	0	0	0	1852	927	696	1064	263	227	246	248	233	252	231	241	231	216	242	242
15089	17098	17107	17348	17459	17479	17494	17509	13269	13197	13227	17529	17520	0	17520	17508	17396	17428	17414	17403	17388	13203	13161	17394	15353	17346	17329	17073	14099	14006	14077	14092	15911	18788	18484	18028	18021	18007	18005	18033	13711	14190	13719	0	17977	0	17826	17923	17953	17892	17811	17802	17921	13716	14192	17919	15907	18017	18451	18724	16802	15574	15579	15562	0	0	0	0	0	0	0	0	0	0	0	0	0	0	0	0	0	0	0	0	0	0	0	0	0	0	0	0	0	0	0	0	1103	863	491	1133	263	226	246	247	233	252	231	241	230	216	242	242
14320	14323	17151	17196	17311	0	0	13059	13101	13111	0	0	0	0	0	0	0	0	0	0	0	0	13085	13064	13084	0	17267	17227	13981	13902	13977	13974	14830	14750	18123	18008	17772	0	0	13657	14643	13652	0	0	0	0	0	0	0	0	0	0	0	0	13626	14643	14366	0	17603	18030	15605	15463	15468	15434	0	0	0	0	0	0	0	0	0	0	0	0	0	0	0	0	0	0	0	0	0	0	0	0	0	0	0	0	0	0	0	0	1019	925	429	1271	263	227	245	247	233	252	231	241	230	216	242	242
0	0	0	0	0	0	13291	13279	13335	13324	0	13348	13320	13359	0	0	0	0	13345	13287	13336	13364	13314	13314	13329	13336	0	0	14215	14159	14195	14242	0	0	0	0	0	0	13969	14182	14706	14034	0	13969	14493	13963	0	0	0	0	13955	14509	13971	13912	14059	14730	14303	14061	0	0	15916	15719	15696	15698	0	0	0	0	0	0	0	0	0	0	0	0	0	0	0	0	0	0	0	0	0	0	0	0	0	0	0	0	0	0	0	0	1494	868	834	714	263	227	245	248	233	252	231	242	231	216	242	242
14509	14521	14530	14549	14597	14996	15007	13372	13398	13377	13374	15058	17373	15070	15074	15048	17390	17581	17583	17571	17369	13381	13355	13374	13436	14973	15213	14931	14280	14209	14267	14271	15907	15894	15887	15878	15584	15575	15894	13890	14413	15197	14007	15594	15604	15590	15592	15871	18434	18387	18362	18396	18359	13977	15159	14411	13889	15824	15810	15817	15924	15764	15756	15857	0	0	0	0	0	0	0	0	0	0	0	0	0	0	0	0	0	0	0	0	0	0	0	0	0	0	0	0	0	0	0	0	1325	947	800	2603	264	227	245	248	233	253	231	241	231	216	242	243
15358	15363	15665	17803	17959	17975	17991	18030	13714	13731	0	0	0	0	0	0	17904	17921	0	17923	17909	17902	13706	13677	15284	17892	17877	17842	14582	14522	14583	14603	16209	16201	15904	18639	18505	18483	18470	18608	14619	14303	0	0	0	0	0	0	18561	18409	0	0	18407	18436	14301	14628	15850	18472	18453	18570	16206	16088	16082	16068	0	0	0	0	0	0	0	0	0	0	0	0	0	0	0	0	0	0	0	0	0	0	0	0	0	0	0	0	0	0	0	0	1675	921	612	1266	262	226	245	247	233	251	231	241	230	215	242	243
14632	16754	16819	17074	17104	17121	17138	12778	12815	12825	0	0	0	0	0	0	0	0	0	0	0	0	12807	12784	12811	19643	19625	19599	13697	13636	13689	13702	15159	17982	17819	17667	17661	17590	17432	13488	14050	13431	0	0	0	0	0	0	0	0	0	0	0	0	13426	14042	13564	0	20016	20336	15312	15192	15176	15170	0	0	0	0	0	0	0	0	0	0	0	0	0	0	0	0	0	0	0	0	0	0	0	0	0	0	0	0	0	0	0	0	1012	754	592	1106	263	227	245	248	232	252	231	241	231	216	242	243
14059	14058	14055	14086	14101	14124	14149	13012	13033	13049	14194	14156	14173	14172	14179	14153	14136	14287	14282	14282	14277	14272	13012	12983	13021	14038	14029	14005	13912	13824	13889	13887	15489	15478	15468	15435	15437	15429	15443	13542	14071	13628	15478	15470	15484	15474	15474	15470	15436	15446	14672	15425	15407	15422	13604	14062	13614	15437	15425	15425	15542	15381	15382	15459	0	0	0	0	0	0	0	0	0	0	0	0	0	0	0	0	0	0	0	0	0	0	0	0	0	0	0	0	0	0	0	0	1235	892	1360	3810	265	227	246	248	233	252	231	242	231	216	243	243
14728	14743	14757	15122	17540	17557	17555	17559	13573	13500	13490	17700	17567	17569	17554	17536	15046	0	0	0	0	13470	13458	13529	15017	15056	15044	15023	14386	14309	14384	14381	15958	15951	15935	18486	18335	18325	18335	18518	14078	14619	14398	18331	18275	18249	18296	18357	15554	0	0	0	0	14398	14654	14067	15639	15640	15892	15907	16010	15867	15884	15846	0	0	0	0	0	0	0	0	0	0	0	0	0	0	0	0	0	0	0	0	0	0	0	0	0	0	0	0	0	0	0	0	1198	1228	489	1693	263	226	245	246	233	252	229	241	230	214	242	242
15275	15292	17547	17681	17700	17711	0	0	13454	13418	13414	0	0	0	0	0	0	0	0	0	0	13389	13385	13409	15589	17676	17666	17633	14314	14238	14303	14313	15810	15621	18538	18242	18234	18193	0	0	14061	14682	14075	0	0	0	0	0	0	0	0	0	0	14101	14680	14044	15955	18165	18087	18182	15933	15798	15800	15786	0	0	0	0	0	0	0	0	0	0	0	0	0	0	0	0	0	0	0	0	0	0	0	0	0	0	0	0	0	0	0	0	1736	749	529	1221	263	227	246	248	232	252	231	242	231	216	242	242
14834	14835	14830	14847	14858	14871	14885	13740	13786	13778	14907	14894	14901	14893	14902	14894	14823	14855	15015	15015	14799	13800	13755	13738	13766	14810	14493	14452	14666	14570	14654	14669	16450	16444	16433	16249	16246	16251	16266	14417	16259	14483	16283	16263	16273	16267	16269	16263	16219	16234	16225	16223	16204	14281	14480	16223	14487	16231	16218	16214	16284	16208	16295	17704	0	0	0	0	0	0	0	0	0	0	0	0	0	0	0	0	0	0	0	0	0	0	0	0	0	0	0	0	0	0	0	0	874	1886	3469	8191	266	227	245	247	233	252	231	241	230	215	243	243
14171	14179	14186	14227	14247	14256	14272	13101	13133	13156	17170	17158	14291	17154	17156	17141	14989	20201	17117	17103	14926	14935	13148	13103	13128	14932	14916	14891	13998	13939	14011	13993	15571	15556	15538	14843	15502	14901	14799	13748	14161	13711	18055	18047	18047	18006	17995	18148	18019	17959	17947	17941	15457	15476	13687	14107	13804	15512	15496	15495	15702	15500	15494	15575	0	0	0	0	0	0	0	0	0	0	0	0	0	0	0	0	0	0	0	0	0	0	0	0	0	0	0	0	0	0	0	0	2001	1020	435	2465	263	227	245	248	233	251	231	241	231	216	242	243
15544	15545	17860	17977	17993	0	0	13642	13676	13687	0	0	0	0	0	0	0	0	0	0	0	0	13670	13650	13675	0	0	17925	14557	14486	14546	14569	16043	18839	18564	18497	18260	0	0	14297	15089	14340	0	0	0	0	0	0	0	0	0	0	0	0	14359	15102	14384	0	0	0	16177	16043	16041	16033	0	0	0	0	0	0	0	0	0	0	0	0	0	0	0	0	0	0	0	0	0	0	0	0	0	0	0	0	0	0	0	0	1474	1088	635	1069	262	227	246	248	233	252	231	241	230	216	242	243
17447	17555	17731	0	0	0	0	13493	13438	13498	0	0	0	0	0	0	0	0	0	0	0	0	13465	13422	13456	0	0	17718	14312	14256	14309	14335	18658	18347	18335	0	0	0	0	14090	14425	13979	0	0	0	0	0	0	0	0	0	0	0	0	13963	14405	14153	0	0	18273	15927	15812	15798	15788	0	0	0	0	0	0	0	0	0	0	0	0	0	0	0	0	0	0	0	0	0	0	0	0	0	0	0	0	0	0	0	0	1765	891	624	872	263	227	246	248	233	252	231	241	231	216	242	242
15415	15420	17592	17875	0	0	0	0	13598	13567	13567	0	0	0	0	0	0	0	0	0	0	13558	13538	13571	17900	0	0	20366	14464	14384	14440	14460	15960	15950	18792	18431	0	0	0	0	14260	14828	14215	0	0	0	0	0	0	0	0	0	0	14166	14802	14239	18519	0	0	0	16080	15940	15933	15927	0	0	0	0	0	0	0	0	0	0	0	0	0	0	0	0	0	0	0	0	0	0	0	0	0	0	0	0	0	0	0	0	1241	978	2027	1169	262	227	245	248	233	252	231	241	231	215	243	243
14796	14794	14790	14803	14818	14834	14851	13720	13746	13722	13720	14855	14883	14877	14880	14859	15267	15507	15502	15498	15247	13687	13674	13682	13724	14762	14941	14722	14616	14507	14594	14589	16193	16179	16168	16134	16127	16118	16127	14295	14870	14846	14350	15375	15407	15394	15384	15420	16123	16134	16122	16113	16101	14295	14893	14918	14322	16129	16116	16115	16238	16177	16100	16171	0	0	0	0	0	0	0	0	0	0	0	0	0	0	0	0	0	0	0	0	0	0	0	0	0	0	0	0	0	0	0	0	1355	2113	651	3617	265	227	245	247	233	252	231	241	230	216	242	243
14483	13237	13166	13212	17410	17459	17494	17514	13265	13216	20109	20092	17506	20107	17484	17476	0	0	0	0	0	0	13198	13242	15383	20275	17400	17360	14107	14048	14107	14119	15938	13814	14235	13750	18055	18024	18018	18313	14127	14327	0	0	18031	0	17911	18011	0	0	0	0	0	0	14329	14131	15720	0	0	17963	15794	15607	15599	15588	0	0	0	0	0	0	0	0	0	0	0	0	0	0	0	0	0	0	0	0	0	0	0	0	0	0	0	0	0	0	0	0	2287	788	878	1400	263	227	245	248	233	252	231	242	230	215	242	242
14531	17201	17297	17354	17514	17536	0	13267	0	13271	0	0	0	0	0	0	0	0	0	0	0	0	13257	13261	13306	0	20083	17447	14169	14107	14151	14174	15002	18511	18370	18236	18083	18057	0	13830	14388	14162	0	0	0	0	0	0	0	0	0	0	0	0	14170	14361	13888	0	0	17925	15788	15667	15642	15638	0	0	0	0	0	0	0	0	0	0	0	0	0	0	0	0	0	0	0	0	0	0	0	0	0	0	0	0	0	0	0	0	1354	722	1411	1195	263	227	246	248	233	252	231	242	230	215	243	243
14045	14054	14129	14511	14517	14566	14588	12902	12929	12908	12908	16885	16895	16891	16880	16862	14491	16927	16929	16921	16905	12894	12883	12894	12929	14482	14474	14452	13808	13730	13804	13798	15436	15428	15418	15407	15085	15073	15100	13494	13963	14470	13556	17961	17973	17957	17966	17994	15002	17965	17955	17946	17933	13517	14450	13963	13537	15372	15357	15348	15435	15283	15302	15370	0	0	0	0	0	0	0	0	0	0	0	0	0	0	0	0	0	0	0	0	0	0	0	0	0	0	0	0	0	0	0	0	1637	1347	452	2303	263	227	246	248	233	252	230	241	230	216	242	243
14826	14832	17612	17638	17752	0	0	13556	13592	13577	13611	0	0	0	0	0	0	0	0	0	0	13594	13554	13560	13583	17749	17735	17702	14464	14402	14457	14477	15915	15235	18590	18429	18415	0	0	14149	15034	14753	14146	0	0	0	0	0	0	0	0	0	0	14149	14757	14967	14209	18291	18295	18439	16086	15953	15956	16053	0	0	0	0	0	0	0	0	0	0	0	0	0	0	0	0	0	0	0	0	0	0	0	0	0	0	0	0	0	0	0	0	1686	898	1212	1214	262	227	246	247	233	252	231	241	230	216	242	242
14520	14530	14535	17336	17451	17479	17611	17623	13368	13326	13355	17630	17645	17636	17626	13295	13320	0	0	0	0	13372	13305	13354	17553	0	0	17537	14209	14127	14200	14230	15915	15734	14799	18370	18331	18208	18212	18570	14011	14473	13955	18174	18175	18059	18102	14192	14209	0	0	0	0	13953	14454	14002	18142	0	0	18083	15915	16181	15696	15687	0	0	0	0	0	0	0	0	0	0	0	0	0	0	0	0	0	0	0	0	0	0	0	0	0	0	0	0	0	0	0	0	2872	2658	868	1415	263	227	246	248	234	253	231	242	231	216	243	243
14778	14794	14796	15196	15209	17623	17619	13617	13600	13566	13547	13542	13611	17638	17632	17617	17740	0	0	13604	13547	13544	13542	13573	13627	17587	15430	15099	14464	14395	14462	14453	16043	16033	16017	15696	15560	18419	18465	15975	14381	14969	15043	14559	14200	18339	18329	18412	18308	0	0	14121	14505	15059	14899	14318	14026	18498	15840	15985	16090	15958	15953	16050	0	0	0	0	0	0	0	0	0	0	0	0	0	0	0	0	0	0	0	0	0	0	0	0	0	0	0	0	0	0	0	0	1361	833	454	1592	263	226	246	248	233	252	231	242	230	216	242	243
14097	14113	14149	14582	14588	14601	14618	14635	12979	12943	12941	17043	17015	17013	16999	16967	17103	17129	17147	17116	17096	12935	12919	12952	14492	14522	14517	14490	13831	13764	13835	13827	15452	15443	15433	15326	15137	15100	15021	15474	13619	14307	13602	17991	17990	17979	17981	18015	17925	17917	17779	17913	17903	13594	14268	13604	15090	15377	15367	15365	15463	15327	15331	15421	0	0	0	0	0	0	0	0	0	0	0	0	0	0	0	0	0	0	0	0	0	0	0	0	0	0	0	0	0	0	0	0	1699	1122	537	2275	263	226	246	248	233	251	231	241	230	216	242	242
15374	17547	17545	17844	17859	17882	17898	13581	13590	13573	17929	0	0	0	0	0	17835	0	0	0	0	0	13550	13561	13598	17837	17823	17789	14467	14407	14464	14474	16113	18772	18755	18440	18448	18407	18407	14105	14612	14444	18322	0	0	0	0	0	18407	0	0	0	0	0	14434	14610	14178	18420	18403	18403	16162	15966	15955	15936	0	0	0	0	0	0	0	0	0	0	0	0	0	0	0	0	0	0	0	0	0	0	0	0	0	0	0	0	0	0	0	0	1454	771	524	1184	262	227	245	248	233	252	231	241	230	216	243	243
14375	14724	14732	14763	17165	17302	17312	17180	13114	13203	17367	17347	17175	0	17350	17156	17291	0	0	0	0	0	13175	13083	13221	14654	14649	14626	14003	13912	13971	13998	15586	15586	15489	15137	17955	17870	17890	18071	14170	13861	17799	17742	17886	0	17732	17870	18043	0	0	0	0	0	13871	14155	13692	15500	15515	15511	15619	15470	15467	15614	0	0	0	0	0	0	0	0	0	0	0	0	0	0	0	0	0	0	0	0	0	0	0	0	0	0	0	0	0	0	0	0	1181	883	1056	1572	263	226	246	248	234	252	231	242	231	216	242	243
14719	15093	15090	17369	17536	17542	17550	13442	13485	13494	17728	17715	17718	17715	17558	17529	17632	17669	17667	17653	17636	17634	13462	13437	13465	15064	17338	15017	14357	14288	14355	14354	15943	15937	15913	18372	18299	18288	18290	14156	15279	14147	18286	18288	18295	18271	18264	18275	18364	18353	18045	18157	18180	18322	14149	15315	14253	15413	18386	15740	16046	15848	15840	15922	0	0	0	0	0	0	0	0	0	0	0	0	0	0	0	0	0	0	0	0	0	0	0	0	0	0	0	0	0	0	0	0	2241	752	859	1645	263	226	246	248	233	251	231	241	231	216	243	243
14493	14491	14547	14581	14606	14996	15011	13338	13380	13367	13475	15050	17347	17346	17329	15050	17350	17369	17372	17359	17331	17338	13350	13357	13382	15250	15178	15148	14260	14174	14247	14260	15891	15882	15873	15852	15690	15670	15867	13953	14570	14374	13978	15390	18424	18412	18407	15743	18391	18385	18339	18359	18343	18362	14328	14588	14029	15808	15800	15798	15956	15732	15742	15857	0	0	0	0	0	0	0	0	0	0	0	0	0	0	0	0	0	0	0	0	0	0	0	0	0	0	0	0	0	0	0	0	1978	1797	831	2562	264	227	246	248	234	252	231	242	231	216	242	243
17236	17242	17524	0	0	0	0	13268	13252	0	0	0	0	0	0	0	20159	0	0	0	0	20176	13292	13229	13285	20149	20147	20107	14133	14073	14131	14156	18466	18182	18163	0	0	0	0	13875	14422	0	0	0	0	0	0	0	0	0	0	0	0	0	13921	14425	13959	0	0	0	15824	15633	15625	15612	0	0	0	0	0	0	0	0	0	0	0	0	0	0	0	0	0	0	0	0	0	0	0	0	0	0	0	0	0	0	0	0	1496	864	608	1060	263	227	245	248	233	252	231	242	231	216	243	242
14105	14142	14139	16907	16935	17044	17083	17116	12919	12903	17251	17225	17221	17239	17217	17120	0	0	0	0	0	0	12895	12903	0	0	0	0	13784	13724	13781	13790	15342	15335	15311	18126	17838	17827	17818	18155	13744	13716	17819	17806	17820	17802	17794	17804	0	0	0	0	0	0	13666	13694	0	0	0	0	15408	15283	15272	15250	0	0	0	0	0	0	0	0	0	0	0	0	0	0	0	0	0	0	0	0	0	0	0	0	0	0	0	0	0	0	0	0	1505	737	668	1657	262	227	244	247	233	251	230	241	230	216	242	242
0	0	0	0	0	0	0	0	13418	13370	13377	0	0	0	0	0	0	0	0	0	0	13355	13335	13378	0	0	0	0	14260	14181	14249	14287	0	0	0	0	0	0	0	0	14044	14626	14210	0	0	0	0	0	0	0	0	0	0	14199	14622	14046	0	0	0	0	15883	15741	15753	15750	0	0	0	0	0	0	0	0	0	0	0	0	0	0	0	0	0	0	0	0	0	0	0	0	0	0	0	0	0	0	0	0	1436	826	280	416	262	226	246	248	233	252	230	241	230	216	243	242
15474	17550	17559	17840	17866	17946	0	17978	13672	13615	13638	0	0	0	0	0	0	0	0	0	0	13636	13586	13652	17801	0	0	17798	14511	14445	14500	14512	16021	18772	18649	18465	18444	0	0	0	14297	16335	14268	0	0	0	0	0	0	0	0	0	0	14275	16332	14289	18383	0	0	18163	16136	16003	15991	15980	0	0	0	0	0	0	0	0	0	0	0	0	0	0	0	0	0	0	0	0	0	0	0	0	0	0	0	0	0	0	0	0	1330	684	639	1176	263	227	246	248	233	252	231	242	230	216	242	243
14770	14772	14780	14810	15188	15285	15292	13631	13665	13662	15352	15327	15342	17541	15339	15321	15206	17623	17732	17647	15201	17603	13642	13635	13660	15195	15186	15159	14553	14474	14534	14536	16172	16157	16151	16049	15862	15827	15830	14284	14999	14340	15747	15834	15846	18682	15759	16119	15751	18666	18650	18635	18628	18645	14329	14941	14358	16051	16082	16080	16305	16031	16027	16138	0	0	0	0	0	0	0	0	0	0	0	0	0	0	0	0	0	0	0	0	0	0	0	0	0	0	0	0	0	0	0	0	1237	885	601	2637	264	227	246	248	233	252	231	242	231	216	242	242
13700	13696	13682	13682	13694	13619	13606	13602	13640	13638	13666	13720	13714	13704	13751	13744	13718	13727	13710	13688	13687	13660	13611	13604	13625	13615	13642	13831	14501	14474	14505	14518	16307	16308	14790	14719	14704	14670	14723	14711	16549	14604	14650	14774	14766	14689	14672	14666	14728	14738	14722	14716	14718	14703	14570	16574	14765	14745	14721	14720	16199	16029	15999	16086	0	0	0	0	0	0	0	0	0	0	0	0	0	0	0	0	0	0	0	0	0	0	0	0	0	0	0	0	0	0	0	0	8191	728	2883	3616	264	227	245	247	233	252	230	241	230	215	242	242
14285	14285	14281	14298	14311	14323	14340	14348	13263	13224	13223	14365	14353	14354	14362	14360	15037	15039	15034	15022	15007	13219	13195	13235	14253	14274	14259	14238	14116	14048	14115	14101	15724	15710	15700	15671	15648	15621	15655	15637	13922	14591	13918	15678	15690	14975	14968	15682	15621	15628	15621	15619	15605	13917	14516	13897	14861	14824	15628	15627	15754	15605	15599	15678	0	0	0	0	0	0	0	0	0	0	0	0	0	0	0	0	0	0	0	0	0	0	0	0	0	0	0	0	0	0	0	0	1313	867	532	3628	264	226	245	247	233	252	230	241	230	215	242	242
14138	14778	14768	16943	17188	12874	12866	12971	19989	19977	19957	0	19957	0	0	12941	12901	0	0	0	0	0	0	0	19858	12933	12931	19853	13829	13748	13806	13829	15348	15333	15309	17823	17810	13846	14027	13233	0	20412	20401	0	20411	0	0	13843	13839	0	0	0	0	0	0	0	20462	14073	13897	20415	15523	15941	15301	15297	0	0	0	0	0	0	0	0	0	0	0	0	0	0	0	0	0	0	0	0	0	0	0	0	0	0	0	0	0	0	0	0	2333	1844	1397	1349	263	227	246	247	233	252	231	241	231	216	243	243
14754	15121	15138	17550	17638	17682	17690	17700	13536	13479	13506	17727	17748	17746	17728	17713	17690	0	0	0	0	13493	13454	13508	15064	17673	17664	17629	14375	14309	14373	14379	15979	15973	15867	18364	18351	18341	18351	18374	14121	14588	14062	18332	18317	18275	18267	18359	18190	0	0	0	0	14065	14555	14107	15631	18227	18219	18394	15997	15867	15867	15848	0	0	0	0	0	0	0	0	0	0	0	0	0	0	0	0	0	0	0	0	0	0	0	0	0	0	0	0	0	0	0	0	1244	741	449	1416	263	227	246	248	233	252	231	241	231	216	243	243
17343	17417	17600	0	0	0	0	13287	13314	13320	0	0	0	0	0	0	0	0	0	0	0	0	13304	13291	13321	20219	20215	20167	14199	14128	14175	14213	18368	18286	18271	0	0	0	0	13926	15038	14005	0	0	0	0	0	0	0	0	0	0	0	0	14027	15044	14028	0	0	0	15812	15684	15670	15674	0	0	0	0	0	0	0	0	0	0	0	0	0	0	0	0	0	0	0	0	0	0	0	0	0	0	0	0	0	0	0	0	1109	968	753	971	262	226	246	248	233	251	231	241	230	216	243	243
14509	14528	14537	14901	17315	17332	17332	17338	13323	13285	13294	17484	17347	17344	17333	17324	14841	17273	17698	17692	17247	13277	13247	13278	14812	14844	14836	14816	14181	14094	14169	14163	15750	15744	15726	15395	18311	18238	18307	18333	13938	14293	13831	18153	18145	18119	18136	18329	15353	18262	18144	18268	18241	13837	14297	13923	15424	15688	15687	15696	15802	15652	15666	15768	0	0	0	0	0	0	0	0	0	0	0	0	0	0	0	0	0	0	0	0	0	0	0	0	0	0	0	0	0	0	0	0	1269	941	566	1872	263	226	245	248	232	252	230	241	230	216	243	243
14843	14917	14922	15337	15348	15357	15371	15374	13780	13715	13739	17894	17786	17780	17770	17752	17863	17884	0	17870	17700	13729	13680	13747	15224	15265	15541	15223	14609	14528	14599	14592	16197	16186	16162	16096	15878	15863	15755	16195	14288	14883	14270	18561	18570	18548	18556	18684	18647	18396	0	18420	18577	14274	14894	14289	15832	15589	16073	16096	16297	16088	16098	16185	0	0	0	0	0	0	0	0	0	0	0	0	0	0	0	0	0	0	0	0	0	0	0	0	0	0	0	0	0	0	0	0	1454	959	541	1940	264	227	245	248	233	252	231	241	231	216	242	243
14751	14757	14782	15231	15231	15243	15260	13594	13623	13608	17700	15288	15305	17649	17612	15294	17806	17843	17839	17820	17820	17812	13582	13564	13591	15179	15488	15147	14499	14435	14493	14485	16122	16107	16088	15806	15806	15792	15795	14268	15403	15285	18643	15694	15643	18618	18630	15642	18557	18345	18288	18343	18347	18357	15224	15363	14334	15566	15950	16033	16128	15994	15981	16071	0	0	0	0	0	0	0	0	0	0	0	0	0	0	0	0	0	0	0	0	0	0	0	0	0	0	0	0	0	0	0	0	1112	783	629	1977	263	227	246	248	233	252	231	241	231	216	243	243
14342	14343	14345	14362	14794	14810	14823	13219	13221	13205	13244	14851	14862	17217	17199	14851	17332	17361	17611	17329	17190	13251	13183	13190	14729	15054	15021	14986	14103	14019	14082	14085	15771	15725	15714	15673	15542	15371	15679	13692	14210	14200	13760	15387	15393	18256	18252	15694	18234	18214	18158	18187	18163	13584	14143	14151	15352	15635	15637	15642	15726	15577	15578	15671	0	0	0	0	0	0	0	0	0	0	0	0	0	0	0	0	0	0	0	0	0	0	0	0	0	0	0	0	0	0	0	0	1263	1030	535	2666	263	227	245	248	233	251	231	241	230	216	243	242
14322	14907	16986	17150	17158	17324	17350	17388	17411	13071	0	0	0	0	0	0	17287	17315	0	17307	17291	17294	13047	17311	17001	17283	20102	17043	13955	13908	13955	13973	15567	15422	18377	18052	17906	17898	17831	17911	17913	13708	0	0	0	0	0	0	17866	17758	0	17602	17799	17832	13714	17831	18057	18016	17102	17987	15650	15465	15442	15537	0	0	0	0	0	0	0	0	0	0	0	0	0	0	0	0	0	0	0	0	0	0	0	0	0	0	0	0	0	0	0	0	2807	737	1403	1361	263	227	245	247	233	252	231	241	230	217	242	242
14772	16909	17171	17214	17229	0	0	12879	12913	12913	0	0	0	0	0	0	0	0	0	0	0	0	12894	12877	12910	19794	19783	19755	13780	13718	13786	13801	18113	18102	17802	17750	17707	0	0	13473	14260	13576	0	0	0	0	0	0	0	0	0	0	0	0	13573	14240	13545	20314	20318	20321	15481	15272	15279	15370	0	0	0	0	0	0	0	0	0	0	0	0	0	0	0	0	0	0	0	0	0	0	0	0	0	0	0	0	0	0	0	0	2495	1308	440	1235	262	227	245	248	233	252	230	241	231	215	243	242
15090	15098	17435	20168	0	0	0	13227	13252	13243	0	0	0	0	0	0	0	0	0	0	0	13292	13227	13225	13256	17580	17572	17541	14144	14057	14109	14140	15598	18420	18384	0	0	0	0	13825	14895	14114	0	0	0	0	0	0	0	0	0	0	0	13684	14104	14889	13928	18081	17896	18087	15753	15612	15593	15766	0	0	0	0	0	0	0	0	0	0	0	0	0	0	0	0	0	0	0	0	0	0	0	0	0	0	0	0	0	0	0	0	1233	870	1119	1040	262	227	246	247	233	251	231	241	230	216	242	243
14738	17114	17152	0	0	0	0	0	0	12881	0	0	0	0	0	0	0	0	0	0	0	0	12862	0	19850	0	0	19850	13782	13712	13774	13796	15119	18174	17991	0	0	0	0	0	0	13521	0	0	0	0	0	0	0	0	0	0	0	0	13492	0	20441	0	0	20304	15403	15272	15273	15262	0	0	0	0	0	0	0	0	0	0	0	0	0	0	0	0	0	0	0	0	0	0	0	0	0	0	0	0	0	0	0	0	1319	1349	524	995	262	227	245	248	233	251	231	241	230	216	242	242
14938	14939	16994	17331	17495	0	0	17532	13168	13118	13114	0	0	0	0	0	0	0	0	0	0	13114	13096	13153	17538	0	20068	20033	14016	13951	14005	14020	15575	15558	18380	18059	18024	0	0	18452	13770	14426	13854	0	0	0	0	0	0	0	0	0	0	13847	14370	13756	18105	0	20333	0	15639	15514	15500	15488	0	0	0	0	0	0	0	0	0	0	0	0	0	0	0	0	0	0	0	0	0	0	0	0	0	0	0	0	0	0	0	0	1197	705	502	1276	263	227	246	248	233	252	231	241	231	217	243	243
14710	14720	14867	17135	17152	17184	17265	13094	13069	13037	13049	0	0	0	0	17294	0	17244	0	0	17238	13026	13000	13026	13071	17210	17192	14918	13928	13859	13924	13922	15536	15441	15381	17851	17854	17839	17816	13619	14142	14641	13700	0	0	0	0	17784	17946	17923	0	0	17770	13724	14710	14110	13658	17981	17965	15271	15550	15421	15417	15494	0	0	0	0	0	0	0	0	0	0	0	0	0	0	0	0	0	0	0	0	0	0	0	0	0	0	0	0	0	0	0	0	1393	717	436	1436	263	227	246	248	233	252	231	242	231	216	242	243
16710	16878	16984	19821	19840	19863	19874	12782	12795	12771	12776	0	0	0	0	0	0	0	0	0	0	12780	12758	12778	12825	0	0	19765	13681	13609	13648	13686	18091	18091	18071	20391	20391	20351	20297	13318	13906	14377	13410	0	0	0	0	0	0	0	0	0	0	13404	14306	13869	13387	0	0	20301	15299	15169	15143	15168	0	0	0	0	0	0	0	0	0	0	0	0	0	0	0	0	0	0	0	0	0	0	0	0	0	0	0	0	0	0	0	0	1139	746	1258	987	262	226	245	248	233	252	231	241	230	216	242	242
14540	14553	14568	14969	14979	17410	17420	17428	17481	17491	17476	17462	17431	17429	17411	17395	14906	17340	17357	17346	17312	17321	13315	15214	14861	14911	14902	14870	14232	14157	14222	14232	15834	15818	15800	15531	15514	18383	18389	18400	18459	18443	18423	18415	18423	18200	18407	18409	15433	18376	18351	18349	18343	18353	13850	15759	15726	15793	15777	15769	15863	15714	15716	15817	0	0	0	0	0	0	0	0	0	0	0	0	0	0	0	0	0	0	0	0	0	0	0	0	0	0	0	0	0	0	0	0	1332	958	655	2232	263	227	246	248	233	252	230	242	231	216	242	242
17188	17196	17401	17546	0	0	0	0	13257	13219	13223	0	0	0	0	0	0	0	0	0	0	13223	13199	13233	17487	0	0	20111	14111	14053	14107	14124	18441	18427	18407	18089	0	0	0	0	13891	14505	13879	0	0	0	0	0	0	0	0	0	0	13886	14468	13886	18116	0	0	0	15732	15614	15598	15588	0	0	0	0	0	0	0	0	0	0	0	0	0	0	0	0	0	0	0	0	0	0	0	0	0	0	0	0	0	0	0	0	1477	739	621	1012	262	227	246	248	233	252	231	241	231	216	242	243
14890	15000	15439	17669	17862	17894	17941	13742	13778	13786	18035	18023	18035	18018	17880	17859	17981	0	0	0	17985	17981	13784	13748	13782	17981	17959	17927	14662	14585	14649	14651	16431	16158	16149	19006	18654	18651	18654	14357	15038	14402	18680	18670	18674	18662	18651	18654	18649	0	0	0	18507	18536	14381	15009	14429	18572	18555	18553	16280	16140	16137	16258	0	0	0	0	0	0	0	0	0	0	0	0	0	0	0	0	0	0	0	0	0	0	0	0	0	0	0	0	0	0	0	0	1319	901	812	1702	263	227	246	248	233	251	231	241	231	216	242	243
14921	14967	15372	17652	17814	17931	17942	17823	18027	13755	13766	17986	17830	17997	17822	17794	17946	0	0	0	0	13763	13726	17973	15324	17943	17925	17882	14642	14581	14659	14637	16238	16212	16190	18702	18643	18620	18633	18641	18686	14616	14401	18624	18630	18550	18546	18643	18508	0	0	0	0	14385	14582	18294	15889	18509	18498	18497	16268	16140	16159	16096	0	0	0	0	0	0	0	0	0	0	0	0	0	0	0	0	0	0	0	0	0	0	0	0	0	0	0	0	0	0	0	0	2027	734	167	1441	263	227	246	247	233	252	230	241	230	215	243	243
15008	15364	15409	17816	17818	17830	17842	15722	13804	13755	13779	17998	17855	17999	17840	17826	17927	0	0	0	0	13766	13715	13766	15303	17808	17786	15597	14649	14572	14633	14633	16255	16251	16236	18739	18595	18565	18579	16228	14462	14853	14348	18542	18554	18518	18539	18538	18479	0	0	0	0	14340	14835	14442	15889	18666	18679	16164	16270	16133	16130	16236	0	0	0	0	0	0	0	0	0	0	0	0	0	0	0	0	0	0	0	0	0	0	0	0	0	0	0	0	0	0	0	0	1190	789	579	1594	263	226	246	248	233	252	230	241	230	216	243	242
14883	14891	14885	15593	15327	17723	17728	13691	13695	13679	17783	17768	17752	17748	17724	17713	17694	17882	17882	17874	17864	17696	13656	13664	13716	17696	15532	15498	14566	14490	14563	14575	16153	16143	16127	15917	18701	18682	18662	14192	15485	14534	18597	18593	18579	18443	18553	18735	18654	18530	18511	18481	18414	18430	14522	15488	14253	18680	16051	16094	16272	16049	16055	16177	0	0	0	0	0	0	0	0	0	0	0	0	0	0	0	0	0	0	0	0	0	0	0	0	0	0	0	0	0	0	0	0	2402	1001	930	1862	264	227	246	248	233	252	230	241	231	215	242	243
14322	14323	14316	14329	17033	17203	17192	14706	13273	13444	17244	17094	17104	17208	17110	17090	15121	17190	17206	15097	15094	15104	13402	13237	13430	14566	14518	14476	14158	14080	14155	14135	15725	15720	15706	14984	18708	18696	18700	15257	14319	13957	18739	18729	18751	18739	18729	18722	18686	18689	18630	15452	15456	15621	13939	14311	13900	15666	15654	15648	15788	15642	15644	15711	0	0	0	0	0	0	0	0	0	0	0	0	0	0	0	0	0	0	0	0	0	0	0	0	0	0	0	0	0	0	0	0	1493	978	498	2865	264	226	245	248	233	252	230	241	230	216	243	242
15148	15325	17508	17719	17746	17762	17788	17806	13554	13482	13517	0	0	0	0	0	17732	0	0	0	0	13498	13450	13520	17685	17717	17706	17677	14382	14300	14368	14381	15871	15846	18436	18343	18323	18311	18288	18329	14167	14879	14145	0	0	0	0	0	17997	0	0	0	0	14145	14867	14153	18469	18219	18191	18233	15997	15857	15863	15849	0	0	0	0	0	0	0	0	0	0	0	0	0	0	0	0	0	0	0	0	0	0	0	0	0	0	0	0	0	0	0	0	1342	823	529	1196	262	226	245	248	233	253	231	241	230	216	243	243
14335	14698	14707	17114	17125	17134	17141	17145	13123	13062	13088	17304	17169	17170	17158	17142	17262	17273	17273	17262	17260	13077	13039	13093	14657	17257	17234	14950	13963	13884	13947	13957	15567	15556	15537	18209	17979	17941	17946	18101	13704	14200	13665	17946	17913	17858	17878	17949	17947	17888	17717	17806	17774	13669	14168	13688	15057	18000	17998	15333	15581	15445	15445	15574	0	0	0	0	0	0	0	0	0	0	0	0	0	0	0	0	0	0	0	0	0	0	0	0	0	0	0	0	0	0	0	0	1368	810	661	1687	263	227	245	247	233	252	231	241	230	216	242	242
0	0	0	0	0	0	0	0	13502	13456	13465	0	0	0	0	0	0	0	0	0	0	13453	13426	13469	0	0	0	0	14341	14279	14346	14369	0	0	0	0	0	0	0	0	14108	14643	14073	0	0	0	0	0	0	0	0	0	0	14057	14636	14088	0	0	0	0	16041	15832	15840	15836	0	0	0	0	0	0	0	0	0	0	0	0	0	0	0	0	0	0	0	0	0	0	0	0	0	0	0	0	0	0	0	0	2173	837	658	282	262	227	246	248	233	252	231	242	230	216	242	243
14075	14094	14103	16887	16903	16926	16927	12831	12858	12836	12845	17071	17089	17180	17087	16917	17045	0	0	0	0	12843	12826	12835	12871	16884	16856	16822	13742	13667	13722	13757	15346	15333	15315	17851	17738	17703	17708	13413	14013	14345	13523	17723	17730	17698	17713	17704	17589	0	0	0	0	13546	14366	13999	13540	17715	17752	17850	15362	15222	15216	15343	0	0	0	0	0	0	0	0	0	0	0	0	0	0	0	0	0	0	0	0	0	0	0	0	0	0	0	0	0	0	0	0	1576	1451	913	1608	263	226	245	248	233	252	230	242	230	216	242	243
15184	15190	15186	17636	17634	17766	17775	17640	13579	13547	0	0	17827	0	0	17804	17750	17778	0	0	17748	17748	13519	13538	15101	17734	15421	15396	14441	14368	14425	14444	16033	16031	16013	18461	18339	18303	18311	18443	14359	14432	0	0	18102	0	0	18205	18394	0	0	0	18037	18213	14433	14370	15700	18475	15925	15956	16065	15929	15925	15912	0	0	0	0	0	0	0	0	0	0	0	0	0	0	0	0	0	0	0	0	0	0	0	0	0	0	0	0	0	0	0	0	1148	806	498	1437	263	227	246	248	233	252	231	241	231	216	242	243
14646	15220	17179	17474	17607	17688	17691	17708	13437	13415	13442	0	0	0	0	0	17760	0	0	0	0	13426	13393	13405	17466	17784	17766	17584	14309	14242	14303	14314	15875	15750	18414	18376	18227	18205	18208	18276	14304	14622	13975	0	0	0	0	0	18318	0	0	0	0	13977	14616	14304	18373	18336	18317	18321	16015	15824	15797	15778	0	0	0	0	0	0	0	0	0	0	0	0	0	0	0	0	0	0	0	0	0	0	0	0	0	0	0	0	0	0	0	0	1312	896	527	1361	263	226	246	248	233	251	231	241	231	216	243	243
14961	14980	16983	17279	17343	17357	17376	17394	13116	13085	0	0	0	0	0	0	17270	0	0	17289	0	17270	13055	13067	15215	17220	17207	16943	13977	13902	13965	13978	15816	15502	18343	17886	17902	17884	17876	17894	13846	13914	0	0	0	0	0	0	17825	0	0	0	0	17782	13930	13855	15802	17832	17868	18599	15599	15466	15457	15446	0	0	0	0	0	0	0	0	0	0	0	0	0	0	0	0	0	0	0	0	0	0	0	0	0	0	0	0	0	0	0	0	1679	779	738	1272	263	227	245	248	233	252	231	241	231	217	242	243
14131	14690	14688	16969	17073	17090	17103	17114	12879	12862	17152	17129	17142	17138	17131	17114	17069	17086	17085	17074	17067	17069	12826	12836	14447	17058	17037	16750	13761	13667	13754	13745	15533	15525	15160	17686	17684	17671	17663	17677	13815	13736	17684	17672	17684	17663	17650	17654	17734	17619	17512	17573	17596	17632	13747	13811	14877	17660	17637	17923	15390	15226	15256	15329	0	0	0	0	0	0	0	0	0	0	0	0	0	0	0	0	0	0	0	0	0	0	0	0	0	0	0	0	0	0	0	0	1111	937	392	1484	263	227	246	248	233	252	230	242	230	216	242	242
16899	16919	16949	17279	19866	0	0	0	12931	12873	12862	0	0	0	0	0	0	0	0	0	0	12855	12843	12903	17170	0	17234	17196	13773	13686	13738	13782	18130	18127	18075	17795	20233	0	0	0	13450	13871	13608	0	0	0	0	0	0	0	0	0	0	13602	13839	13426	17821	0	17523	17742	15386	15246	15237	15241	0	0	0	0	0	0	0	0	0	0	0	0	0	0	0	0	0	0	0	0	0	0	0	0	0	0	0	0	0	0	0	0	1161	807	1626	1204	263	227	245	248	233	252	231	242	231	216	242	243
0	0	0	0	0	0	0	0	0	0	13487	0	0	0	0	0	0	0	0	0	0	13481	0	0	0	0	0	0	14406	14331	14400	14513	0	0	0	0	0	0	0	0	0	0	14149	0	0	0	0	0	0	0	0	0	0	14173	0	0	0	0	0	0	16027	15891	15897	15939	0	0	0	0	0	0	0	0	0	0	0	0	0	0	0	0	0	0	0	0	0	0	0	0	0	0	0	0	0	0	0	0	1157	780	215	186	262	227	246	248	233	252	231	242	231	216	242	242
13969	13979	13977	14368	14374	16782	16784	14692	12772	12751	12758	16811	16802	16788	16783	16763	16942	16973	19804	16950	16954	12754	12724	12739	14286	14341	14616	14300	13629	13583	13644	13639	15216	15212	15197	15166	14915	17795	17796	15107	13650	13912	13361	17810	17810	17791	17796	17806	17728	17489	20395	17468	17694	13341	13931	13654	14904	14655	15093	15170	15331	15144	15139	15235	0	0	0	0	0	0	0	0	0	0	0	0	0	0	0	0	0	0	0	0	0	0	0	0	0	0	0	0	0	0	0	0	2364	866	556	2071	263	227	245	247	233	251	230	241	230	216	242	242
17299	17435	17585	0	0	0	0	0	13339	13250	13292	0	0	0	0	0	0	0	0	0	0	13283	13227	0	20083	0	0	20192	14147	14085	14146	14163	18518	18509	17957	0	0	0	0	0	0	14591	13776	0	0	0	0	0	0	0	0	0	0	13736	14586	0	0	0	0	20453	15772	15646	15634	15625	0	0	0	0	0	0	0	0	0	0	0	0	0	0	0	0	0	0	0	0	0	0	0	0	0	0	0	0	0	0	0	0	1405	1053	619	907	263	227	246	248	233	252	231	242	231	216	243	243
13971	13975	13977	13991	14003	14006	14015	12881	12919	12929	14046	16805	14050	14810	14802	14802	14710	14719	14712	14698	14688	14696	12907	12882	12902	13970	13953	13909	13802	13721	13794	13777	15385	15380	15369	15346	15335	15283	14635	13596	14704	13604	14311	18268	14589	15347	15357	15355	15311	15313	15308	15312	15285	15290	13606	14929	13714	15319	15305	15304	15428	15279	15283	15355	0	0	0	0	0	0	0	0	0	0	0	0	0	0	0	0	0	0	0	0	0	0	0	0	0	0	0	0	0	0	0	0	1212	946	558	3733	265	227	246	248	233	252	231	242	231	217	242	242
14780	14787	16977	17207	17230	20308	20323	19950	13215	13131	13174	0	0	0	0	20315	17316	20220	20218	20243	20170	13132	13103	13159	14674	17302	17136	14702	14034	13945	14010	14034	15621	15605	18138	17890	17902	0	0	0	13802	14468	13800	0	0	0	0	0	17812	0	0	0	0	13821	14465	13798	15293	17870	18113	15048	15658	15504	15514	15502	0	0	0	0	0	0	0	0	0	0	0	0	0	0	0	0	0	0	0	0	0	0	0	0	0	0	0	0	0	0	0	0	1097	976	509	1309	263	227	246	248	233	252	231	241	231	216	243	242
17165	17186	17268	17630	13158	13212	13180	13165	13231	0	13188	0	0	0	0	0	0	0	0	0	0	13183	0	13215	13216	13221	20211	13151	14125	14036	14068	14124	18550	18542	18524	18201	14052	13744	13945	14981	13893	0	13822	0	0	0	0	0	0	0	0	0	0	13754	0	13887	15035	13946	0	14088	15732	15596	15562	15578	0	0	0	0	0	0	0	0	0	0	0	0	0	0	0	0	0	0	0	0	0	0	0	0	0	0	0	0	0	0	0	0	336	881	1943	1140	262	227	245	248	233	252	231	241	230	216	242	243
14802	17547	17592	17882	18044	0	0	18360	13598	13550	13565	0	0	0	0	0	0	0	0	0	0	13575	13535	13589	17852	0	0	0	14431	14384	14417	14459	15922	18888	18745	18542	18310	0	0	18842	14304	15615	14261	0	0	0	0	0	0	0	0	0	0	14248	15583	14284	18475	0	0	0	16130	15944	15913	15919	0	0	0	0	0	0	0	0	0	0	0	0	0	0	0	0	0	0	0	0	0	0	0	0	0	0	0	0	0	0	0	0	2311	929	1614	1109	263	227	245	248	233	252	232	242	231	216	243	243
14543	14547	14553	17228	17249	17586	13273	13263	13345	17657	17638	17625	17647	17669	17634	17609	0	0	0	0	0	0	0	13344	13302	13316	0	0	14206	14116	14184	14196	15808	15694	14830	18462	18303	18215	13993	14643	13959	18214	18197	18191	18200	18179	18175	18325	0	0	0	0	0	0	0	13953	14676	14029	0	0	15816	15716	15677	15781	0	0	0	0	0	0	0	0	0	0	0	0	0	0	0	0	0	0	0	0	0	0	0	0	0	0	0	0	0	0	0	0	1125	1000	502	1458	263	227	246	248	233	252	231	241	230	216	242	243
17552	17562	17848	0	0	0	0	0	13579	0	0	0	0	0	0	0	0	0	0	0	0	0	0	13561	17965	0	0	0	14455	14397	14433	14477	18822	18811	18405	0	0	0	0	0	14138	0	0	0	0	0	0	0	0	0	0	0	0	0	0	14155	18248	0	0	0	16080	15960	15939	15934	0	0	0	0	0	0	0	0	0	0	0	0	0	0	0	0	0	0	0	0	0	0	0	0	0	0	0	0	0	0	0	0	1461	774	927	880	262	226	245	247	233	251	231	241	231	216	242	242
17483	17575	17589	0	0	0	0	0	13264	13324	0	0	0	0	0	0	17555	0	0	0	0	0	13265	13244	13277	17554	17546	17516	14144	14078	14124	14162	18474	18203	18172	0	0	0	0	0	14524	13833	0	0	0	0	0	0	18087	0	0	0	0	0	13983	14518	13971	18115	18089	18091	15764	15638	15622	15616	0	0	0	0	0	0	0	0	0	0	0	0	0	0	0	0	0	0	0	0	0	0	0	0	0	0	0	0	0	0	0	0	1312	894	847	980	263	227	245	247	233	252	230	242	230	215	243	242
15374	15584	17627	17680	17994	18003	18013	13719	13739	13779	18051	18035	18053	18059	18049	18030	17965	0	0	0	17957	17963	13754	13712	13749	17965	17948	17919	14633	14540	14598	14624	16408	16118	18856	18589	18577	18557	18561	14237	14731	14311	18569	18553	18562	0	18436	18521	18519	0	0	0	18297	18436	14301	14716	14307	18543	18519	18674	16254	16102	16098	16090	0	0	0	0	0	0	0	0	0	0	0	0	0	0	0	0	0	0	0	0	0	0	0	0	0	0	0	0	0	0	0	0	957	779	706	1282	263	227	246	248	233	252	231	242	230	216	243	243
14874	14875	14947	15374	17769	15390	17780	15716	13755	17844	17830	17816	17811	17803	17784	17718	17923	17946	17946	17923	17926	17927	17929	13724	15279	17913	17622	15593	14639	14545	14622	14618	16234	16230	16214	15909	15915	15871	18737	16236	14287	18836	18780	18855	18756	18641	18784	18899	18585	18427	18269	18453	18447	18464	18470	13977	15891	18638	18645	16147	16313	16103	16128	16082	0	0	0	0	0	0	0	0	0	0	0	0	0	0	0	0	0	0	0	0	0	0	0	0	0	0	0	0	0	0	0	0	1460	1021	462	1667	263	227	246	248	233	252	231	242	231	216	243	243
14547	15106	15103	17342	17379	17401	17509	13285	13307	13289	13336	0	17567	0	17545	17532	0	0	0	0	0	13315	13267	13269	13312	17662	17646	17443	14181	14104	14171	14189	14847	15617	15416	18273	18275	18073	18071	13845	14816	14688	13834	0	0	0	0	18021	0	0	0	0	0	13847	14655	14806	13909	18211	18185	18207	15810	15665	15663	15652	0	0	0	0	0	0	0	0	0	0	0	0	0	0	0	0	0	0	0	0	0	0	0	0	0	0	0	0	0	0	0	0	1228	897	552	1290	263	227	246	248	233	252	231	242	230	216	243	243
14950	14961	14965	17746	17854	17884	17907	17923	13746	13718	17971	0	17949	0	17953	17923	17925	0	0	0	0	0	13694	13714	17778	17908	17896	17850	14598	14545	14603	14605	16166	16161	15243	18677	18585	18561	18574	18585	14474	14531	18378	0	18548	0	18377	18548	18616	0	0	0	0	0	14517	14452	18671	18634	18619	18608	16307	16103	16094	16196	0	0	0	0	0	0	0	0	0	0	0	0	0	0	0	0	0	0	0	0	0	0	0	0	0	0	0	0	0	0	0	0	1857	803	569	1520	263	227	245	248	233	252	231	241	231	215	243	242
14430	14442	14458	17107	17432	17457	17481	17508	13260	13205	17514	17509	17518	17509	17501	17487	0	0	0	0	0	0	13185	13248	17330	17415	17393	17362	14107	14037	14088	14120	15671	14950	15531	18172	18142	18132	18130	18118	13963	14255	18063	18059	18074	18022	18047	18030	0	0	0	0	0	0	14233	13941	18006	17972	17963	17971	15723	15593	15584	15579	0	0	0	0	0	0	0	0	0	0	0	0	0	0	0	0	0	0	0	0	0	0	0	0	0	0	0	0	0	0	0	0	1685	863	800	1310	263	227	246	248	233	252	231	241	230	216	243	243
14774	14783	17559	17586	17892	17920	17917	17921	13585	13546	13560	17959	0	0	0	17951	17878	0	0	0	0	13556	13529	13558	17841	17902	17886	17858	14436	14384	14433	14445	16007	15800	18830	18811	18800	18784	18762	18832	14350	14887	14231	0	0	0	0	18286	18402	0	0	0	0	14243	14855	14318	18493	18456	18429	18437	16053	15941	15925	15907	0	0	0	0	0	0	0	0	0	0	0	0	0	0	0	0	0	0	0	0	0	0	0	0	0	0	0	0	0	0	0	0	1658	792	512	1257	263	227	246	248	233	252	231	242	231	216	243	243
14251	14798	14794	17040	17150	17175	17182	17258	13010	12971	12955	12986	17258	0	0	0	17333	0	0	0	12982	12935	12936	12967	17035	17202	17332	17006	13872	13790	13856	13866	15472	15337	15312	17914	17806	17794	17800	17832	13617	14207	13995	13508	0	0	0	0	17862	0	0	0	13513	13991	14199	13586	17940	17909	17884	17894	15488	15352	15357	15340	0	0	0	0	0	0	0	0	0	0	0	0	0	0	0	0	0	0	0	0	0	0	0	0	0	0	0	0	0	0	0	0	1421	859	806	1381	263	227	246	248	234	252	231	242	231	216	243	242
15245	17537	17594	20421	0	0	0	0	13445	13389	13393	0	0	0	0	0	0	0	0	0	0	13389	13368	13420	20241	0	0	20337	14283	14222	14278	14301	15498	18654	18585	0	0	0	0	0	14069	14608	14094	0	0	0	0	0	0	0	0	0	0	14093	14582	14044	0	0	0	0	15907	15778	15772	15765	0	0	0	0	0	0	0	0	0	0	0	0	0	0	0	0	0	0	0	0	0	0	0	0	0	0	0	0	0	0	0	0	1580	915	785	1005	263	226	245	248	233	252	231	241	230	216	243	242
14628	14630	14633	15076	15077	15098	17490	15134	13450	17537	17660	17647	17505	17501	17494	17474	15039	17628	20460	20445	17607	17593	17589	13415	14998	15011	17442	14975	14343	14255	14326	14324	15907	15895	15881	15612	15621	15353	18306	18427	14045	18329	18315	18306	18310	18295	18299	18299	18368	18043	0	0	17927	18154	18182	14024	15583	15468	18412	15840	15952	15816	15820	15905	0	0	0	0	0	0	0	0	0	0	0	0	0	0	0	0	0	0	0	0	0	0	0	0	0	0	0	0	0	0	0	0	980	785	446	1832	263	226	245	248	233	251	230	241	230	216	242	242
17684	17698	17748	0	0	0	0	13630	13656	13664	0	0	0	0	0	0	0	0	0	0	0	0	13648	13635	13664	0	0	0	14536	14481	14507	14554	18918	18912	18884	0	0	0	0	14231	14862	14302	0	0	0	0	0	0	0	0	0	0	0	0	14319	14880	14311	0	0	0	16152	16041	16013	16013	0	0	0	0	0	0	0	0	0	0	0	0	0	0	0	0	0	0	0	0	0	0	0	0	0	0	0	0	0	0	0	0	1475	701	1074	892	262	226	245	248	233	252	231	242	230	216	243	243
14677	14690	15041	17342	17481	17498	17502	17504	13458	13438	17698	17677	17500	17685	17502	17481	17615	17636	20472	17615	17621	17621	13412	13422	14974	17319	15293	15262	14334	14258	14326	14326	15918	15907	15897	18427	18337	18321	18323	18468	14289	14257	18356	18355	18230	18148	18204	18391	18315	18303	0	18256	18194	18236	14247	14287	15566	18352	15806	15830	16013	15820	15820	15786	0	0	0	0	0	0	0	0	0	0	0	0	0	0	0	0	0	0	0	0	0	0	0	0	0	0	0	0	0	0	0	0	1533	683	478	1549	263	226	245	247	233	251	231	241	231	216	242	243
17762	17783	17895	0	0	0	0	13707	13726	13708	0	0	0	0	0	0	0	0	0	0	0	13747	13687	13696	13730	0	0	0	14607	14536	14594	14613	18983	18689	18664	0	0	0	0	14255	14814	14603	0	0	0	0	0	0	0	0	0	0	0	14171	14603	14800	14312	0	0	0	16226	16092	16084	16077	0	0	0	0	0	0	0	0	0	0	0	0	0	0	0	0	0	0	0	0	0	0	0	0	0	0	0	0	0	0	0	0	1181	742	683	985	262	227	245	247	233	252	231	241	231	216	243	243
15352	17602	17754	20475	0	0	0	13506	13525	13507	13519	0	0	0	0	0	20460	0	0	0	0	13506	13488	13492	13531	20462	20451	20419	14413	14338	14385	14412	15779	18786	18772	0	0	0	0	14101	14851	14898	14157	0	0	0	0	0	0	0	0	0	0	14175	14890	14865	14178	0	0	0	16031	15893	15881	15874	0	0	0	0	0	0	0	0	0	0	0	0	0	0	0	0	0	0	0	0	0	0	0	0	0	0	0	0	0	0	0	0	1391	782	745	988	262	226	245	247	233	252	230	241	230	216	243	242