15478	15481	15474	17847	17926	17939	17952	13636	13668	13662	0	0	17991	0	0	0	0	0	0	0	0	0	13646	13634	13668	0	0	17963	14553	14479	14541	14555	16055	16035	16011	18582	18513	18500	18501	14196	14863	14340	0	0	18479	0	0	0	0	0	0	0	0	0	14316	14814	14269	0	0	18448	16170	16039	16033	16205	0	0	0	0	0	0	0	0	0	0	0	0	0	0	0	0	0	0	0	0	0	0	0	0	0	0	0	0	0	0	0	0	1288	929	671	1326	263	227	246	249	234	253	232	242	231	216	242	244
15160	15164	17422	17602	20297	20312	20333	20359	13328	20397	20374	20347	20354	0	20359	20336	17656	17688	20279	20268	17678	17685	17677	13294	17536	17671	17655	17629	14213	14137	14196	14222	15698	15652	18318	18165	0	0	0	0	14666	0	0	0	0	0	0	0	18239	18154	0	0	18115	18186	18149	14662	18284	18237	18215	18218	15830	15696	15690	15786	0	0	0	0	0	0	0	0	0	0	0	0	0	0	0	0	0	0	0	0	0	0	0	0	0	0	0	0	0	0	0	0	1339	962	1001	1202	263	227	246	248	234	252	231	242	230	217	243	243
17761	17766	18007	0	0	0	0	0	13779	13756	13788	0	0	0	0	0	0	0	0	0	0	13766	13729	13738	18005	18117	0	18033	14646	14572	14647	14658	18989	18961	18674	0	0	0	0	0	14637	14800	14311	0	0	0	0	0	0	0	0	0	0	14306	14784	14636	18676	18393	0	18618	16338	16133	16149	16129	0	0	0	0	0	0	0	0	0	0	0	0	0	0	0	0	0	0	0	0	0	0	0	0	0	0	0	0	0	0	0	0	1874	826	561	1062	263	227	246	248	234	253	232	242	231	216	243	243
15142	15155	15155	17476	17602	17626	17638	17653	13351	13320	13337	20314	17675	20314	20301	17661	17666	0	0	0	20219	13333	13289	13324	17540	17672	17668	17627	14215	14145	14220	14211	15718	15716	15690	18297	18204	18182	18189	18212	14022	14412	13871	0	18114	0	0	18087	18221	0	0	0	0	13875	14392	14013	18275	18203	18091	18195	15832	15708	15715	15670	0	0	0	0	0	0	0	0	0	0	0	0	0	0	0	0	0	0	0	0	0	0	0	0	0	0	0	0	0	0	0	0	1446	829	605	1373	263	227	246	248	233	252	231	242	231	216	243	243
14570	14580	14573	17031	19708	0	0	19835	12762	12766	0	0	0	0	0	0	19694	0	0	0	0	0	12754	12731	19582	19702	19686	19652	13641	13570	13629	13649	15441	15148	15131	17506	20358	0	0	20381	13711	13377	0	0	0	0	0	0	20233	0	0	0	0	0	13350	13662	20312	20283	20263	20264	15331	15135	15127	15116	0	0	0	0	0	0	0	0	0	0	0	0	0	0	0	0	0	0	0	0	0	0	0	0	0	0	0	0	0	0	0	0	1979	981	904	1197	264	227	246	248	233	252	231	241	231	216	242	243
14703	14724	16844	17130	17154	17173	17188	17212	12925	12888	12895	0	17212	0	0	19874	19808	19820	19813	19800	19794	12887	12859	12897	17073	19797	19779	19750	13784	13701	13782	13782	15304	15287	18011	17790	17734	17717	17721	17552	13487	13849	13431	0	17489	0	0	20385	20367	20367	20308	20347	20355	13431	13818	13471	17945	20393	20372	20368	15403	15266	15283	15246	0	0	0	0	0	0	0	0	0	0	0	0	0	0	0	0	0	0	0	0	0	0	0	0	0	0	0	0	0	0	0	0	1079	819	389	1197	263	228	246	248	234	253	231	242	231	216	243	243
14767	14775	15319	17598	17642	17712	17766	17795	13536	13546	17826	17810	17818	17819	17807	17666	17791	20435	20435	20407	20396	20416	13534	13507	17718	17764	17752	17704	14422	14338	14411	14422	15960	15951	15905	18662	18450	18397	18399	18727	14360	14164	18391	18376	18407	18359	18368	18364	18393	0	0	0	0	0	14135	14324	18535	18361	18352	18352	16035	15897	15907	16085	0	0	0	0	0	0	0	0	0	0	0	0	0	0	0	0	0	0	0	0	0	0	0	0	0	0	0	0	0	0	0	0	1362	970	608	1615	263	227	246	249	233	252	231	241	231	216	243	243
15490	15497	17709	0	20479	0	0	18514	13678	0	0	0	0	0	0	0	0	0	0	0	0	0	0	13660	17939	0	0	0	14540	14490	14559	14569	16013	15989	19023	0	0	0	0	18963	14291	0	0	0	0	0	0	0	0	0	0	0	0	0	0	14251	18584	0	0	0	16226	16053	16055	16033	0	0	0	0	0	0	0	0	0	0	0	0	0	0	0	0	0	0	0	0	0	0	0	0	0	0	0	0	0	0	0	0	8191	1101	513	1067	263	227	245	248	234	253	232	242	231	216	242	243
15259	15260	15251	17613	17628	17758	17776	13412	17831	0	20447	20429	13433	13466	20432	20414	20387	0	13477	13406	20410	20401	20387	20410	13444	20355	20348	20314	14359	14275	14328	14353	15901	15812	15795	18355	18337	18307	18308	13977	18301	0	0	0	14619	13989	0	0	0	0	13943	14575	0	0	0	0	14054	0	0	0	15965	15833	15824	15816	0	0	0	0	0	0	0	0	0	0	0	0	0	0	0	0	0	0	0	0	0	0	0	0	0	0	0	0	0	0	0	0	1104	827	895	1206	262	227	245	248	233	252	231	242	231	216	243	243
17600	17608	17609	17965	17987	0	0	0	13668	13638	0	0	0	0	0	0	0	0	0	0	0	0	13621	13644	17841	18009	17988	17955	14538	14470	14534	14549	19035	18880	18686	18651	18641	0	0	0	14396	14534	0	0	0	0	0	0	0	0	0	0	0	0	14513	14387	18572	18443	18488	18517	16163	16037	16029	16017	0	0	0	0	0	0	0	0	0	0	0	0	0	0	0	0	0	0	0	0	0	0	0	0	0	0	0	0	0	0	0	0	1724	1000	537	1230	263	227	246	248	233	252	231	242	231	216	243	243
15238	15241	17534	17675	17719	20401	0	0	13454	13416	13418	0	0	0	0	0	20324	20356	20351	20333	20316	13404	13383	13414	17626	17758	17740	17706	14303	14234	14309	14315	15798	15782	18630	18275	17973	0	0	0	14581	15037	14537	0	0	0	0	0	0	0	0	0	0	14535	15022	14564	18330	18258	18226	18271	15997	15792	15804	15901	0	0	0	0	0	0	0	0	0	0	0	0	0	0	0	0	0	0	0	0	0	0	0	0	0	0	0	0	0	0	0	0	2879	975	469	1161	263	227	246	248	233	252	231	241	230	216	243	243
14938	15504	17603	17742	17888	17920	17939	13654	13656	13642	0	0	17937	0	0	0	17880	0	0	0	0	0	13613	13621	13657	17846	17837	17814	14543	14459	14541	14535	16045	16009	18949	18496	18494	18477	18471	14125	14740	14537	0	0	18494	0	0	0	18528	0	0	0	0	0	14531	14706	14217	18425	18475	18557	16159	16021	16045	15997	0	0	0	0	0	0	0	0	0	0	0	0	0	0	0	0	0	0	0	0	0	0	0	0	0	0	0	0	0	0	0	0	1116	790	389	1195	262	227	246	248	234	252	231	242	231	216	243	243
14477	14475	17234	17316	17609	20179	20186	20070	13227	14192	20234	20214	20228	20223	20223	20198	17555	20188	0	0	17565	17565	14175	13197	15412	17548	17546	17513	14105	14037	14107	14116	15567	15550	18538	18216	18215	0	0	0	13901	14782	0	0	0	0	0	0	18126	0	0	0	17931	18053	14764	13854	15991	18136	18117	18144	15794	15602	15604	15581	0	0	0	0	0	0	0	0	0	0	0	0	0	0	0	0	0	0	0	0	0	0	0	0	0	0	0	0	0	0	0	0	1370	758	498	1243	263	228	246	248	234	252	232	242	231	217	243	243
14063	14063	14597	16889	16911	17078	17082	12786	12803	12819	17133	17114	17108	17114	17099	17114	19691	19719	0	19680	19671	19674	12807	12782	12816	19659	19641	17001	13688	13625	13682	13694	15177	15175	15151	17918	17645	17619	17608	13391	14014	13395	17573	17596	17638	17584	17600	17524	20239	0	0	20146	20201	20207	13378	13947	13420	20255	20228	17589	15317	15181	15171	15284	0	0	0	0	0	0	0	0	0	0	0	0	0	0	0	0	0	0	0	0	0	0	0	0	0	0	0	0	0	0	0	0	1518	1091	695	1301	263	227	246	248	233	252	231	242	230	216	243	243
14616	14618	16958	17087	19772	0	0	12786	12794	12837	0	0	0	0	0	0	19723	19753	0	19744	19733	19733	12811	12766	12811	19631	19662	19584	13692	13603	13673	13686	15153	15144	18027	17594	20284	0	0	13354	13849	13398	0	0	0	0	0	0	20275	20071	0	0	20251	20271	13387	13849	13433	20314	20295	20296	15301	15166	15169	15153	0	0	0	0	0	0	0	0	0	0	0	0	0	0	0	0	0	0	0	0	0	0	0	0	0	0	0	0	0	0	0	0	1104	845	443	1125	262	227	246	248	234	252	231	242	231	216	243	244
14437	14446	15005	17175	17232	17249	17258	17177	13227	13250	17297	17463	17273	17271	17277	17260	17408	17449	17449	17428	17408	17411	13231	13191	15374	17355	17343	17306	14103	14030	14113	14101	15943	15937	15588	18468	18258	18071	18075	18322	14119	13847	18063	18047	18067	18051	18045	18035	18075	17974	17915	17959	17966	17979	13823	14108	15895	18063	18439	18439	15727	15593	15606	15665	0	0	0	0	0	0	0	0	0	0	0	0	0	0	0	0	0	0	0	0	0	0	0	0	0	0	0	0	0	0	0	0	2041	790	387	1606	263	227	246	248	233	253	231	242	230	216	243	243
14961	13203	13105	13097	13151	20139	20151	13140	13172	13170	0	0	0	0	0	20157	17489	17518	20084	17526	17509	17512	13147	13138	13158	17503	17493	13148	14037	13981	14048	14057	15533	13662	14059	14125	13695	0	0	13825	14961	13873	0	0	0	0	0	0	18080	18067	0	17986	18043	18051	13889	15087	13909	18073	18057	13701	15718	15539	15537	15517	0	0	0	0	0	0	0	0	0	0	0	0	0	0	0	0	0	0	0	0	0	0	0	0	0	0	0	0	0	0	0	0	3415	1426	732	1391	264	227	245	248	234	252	232	242	231	216	243	243
14768	14771	17098	19804	19892	0	0	19997	13003	12899	0	0	0	0	0	19914	19866	0	0	0	0	0	12879	12989	19789	19824	19820	19786	13800	13750	13802	13814	15243	15046	17926	0	0	0	0	0	13557	13874	0	0	0	0	0	20369	20429	0	0	0	0	0	13855	13551	0	20460	20445	20444	15425	15312	15295	15276	0	0	0	0	0	0	0	0	0	0	0	0	0	0	0	0	0	0	0	0	0	0	0	0	0	0	0	0	0	0	0	0	1708	711	754	1090	263	227	246	249	234	253	231	242	231	217	243	243
17494	0	0	0	0	0	0	0	13254	13243	0	0	0	0	0	0	0	0	0	0	0	0	13231	13233	0	0	0	0	14129	14052	14120	14145	18059	0	0	0	0	0	0	0	14664	14612	0	0	0	0	0	0	0	0	0	0	0	0	14613	14656	0	0	0	0	15746	15612	15618	15607	0	0	0	0	0	0	0	0	0	0	0	0	0	0	0	0	0	0	0	0	0	0	0	0	0	0	0	0	0	0	0	0	1213	946	786	797	263	227	246	248	233	253	232	242	231	217	243	243
17426	17541	17559	20127	0	0	0	0	0	13181	13215	0	0	0	0	0	20097	20149	0	0	20137	13177	13148	13209	17352	20054	20046	20015	14064	14008	14081	14081	18234	18130	18081	20407	0	0	0	0	0	14404	13819	0	0	0	0	0	0	0	0	0	0	13851	14396	13827	18077	0	0	0	15689	15569	15579	15547	0	0	0	0	0	0	0	0	0	0	0	0	0	0	0	0	0	0	0	0	0	0	0	0	0	0	0	0	0	0	0	0	1535	772	380	1081	263	227	246	248	234	252	232	242	231	216	243	243
15030	17381	17394	17464	20141	20174	20188	0	13202	13508	0	0	20209	0	20207	20189	17533	20125	20117	20107	20072	20076	13462	13164	17401	17539	17534	17497	14092	14007	14082	14089	15555	18477	18145	18069	0	0	0	0	14512	14035	0	0	0	0	0	0	18077	0	0	0	0	0	14038	14514	18200	18085	18051	18061	15716	15571	15579	15560	0	0	0	0	0	0	0	0	0	0	0	0	0	0	0	0	0	0	0	0	0	0	0	0	0	0	0	0	0	0	0	0	1122	975	513	1290	263	227	246	248	234	252	231	242	231	217	243	243
14038	14589	14590	16901	17067	19723	19730	19713	12830	12782	12774	19770	19784	19784	19774	19759	19695	0	0	0	19691	12766	12755	12800	17054	19689	19670	19644	13675	13598	13675	13684	15185	15141	15123	17787	17772	20282	20289	0	13430	14065	13517	20299	20319	20299	20287	20415	20265	0	0	0	20207	13512	14038	13412	17766	20288	20257	20392	15348	15161	15175	15147	0	0	0	0	0	0	0	0	0	0	0	0	0	0	0	0	0	0	0	0	0	0	0	0	0	0	0	0	0	0	0	0	1429	1174	637	1352	263	227	246	248	234	253	231	242	231	216	243	243
14883	14887	14941	14981	15291	15590	15592	15604	13800	13760	13764	17792	17802	17791	17779	17760	15292	17896	17894	15525	15517	13752	13724	13762	15226	15266	15252	15228	14659	14575	14656	14635	16359	16248	16227	16155	16149	16119	16127	16271	14462	15333	14536	19001	19273	18963	18991	19007	16078	19269	19245	16059	16017	14539	15335	14483	16069	16121	16115	16124	16400	16143	16159	17441	0	0	0	0	0	0	0	0	0	0	0	0	0	0	0	0	0	0	0	0	0	0	0	0	0	0	0	0	0	0	0	0	1211	1081	373	2774	264	227	246	248	234	253	231	242	230	216	243	243
14967	14971	17353	20004	20062	20075	13123	13062	13155	20149	20139	20117	20127	20128	20120	20107	17464	20053	0	20045	20030	20041	20035	13172	13150	13187	17430	17388	13997	13945	13999	14029	15494	15478	18161	0	0	0	13747	15394	13827	0	0	0	0	0	0	0	17738	0	0	0	0	0	0	13861	15481	13845	17980	17987	15610	15504	15484	16140	0	0	0	0	0	0	0	0	0	0	0	0	0	0	0	0	0	0	0	0	0	0	0	0	0	0	0	0	0	0	0	0	8191	1475	2261	1161	263	227	246	248	233	252	231	242	231	217	243	243
15416	15428	17474	17516	17790	17827	17832	17844	13623	13579	13581	17867	17876	17878	17864	17858	17772	17799	17790	17772	17768	13557	13539	13577	15708	17766	17738	17703	14476	14388	14480	14461	16019	15985	18876	18626	18465	18439	18446	18802	14247	15584	14268	18455	18464	18438	18427	18830	18597	18475	18487	18627	18380	14336	15575	14233	16246	19038	19019	19139	16096	15942	15980	16060	0	0	0	0	0	0	0	0	0	0	0	0	0	0	0	0	0	0	0	0	0	0	0	0	0	0	0	0	0	0	0	0	1159	1018	549	1873	264	227	246	248	234	252	231	242	232	217	243	243
14890	17082	17081	17417	20019	0	0	13039	13064	13062	0	0	0	0	0	0	17392	0	0	0	17411	17420	13039	13035	13061	17398	17383	17352	13940	13881	13934	13953	15225	18315	18288	17970	0	0	0	13612	14259	13680	0	0	0	0	0	0	17959	0	0	0	17891	17782	13756	14278	13664	17975	17949	17980	15558	15439	15426	15415	0	0	0	0	0	0	0	0	0	0	0	0	0	0	0	0	0	0	0	0	0	0	0	0	0	0	0	0	0	0	0	0	1559	857	978	1252	263	227	246	248	233	252	231	242	231	216	243	243
14816	15353	15348	17696	17719	17732	17746	17791	13558	13549	17800	17790	17798	17790	17770	17770	17746	0	0	0	0	17746	13527	13525	15693	17698	17683	17657	14431	14363	14429	14437	16283	16279	15922	18628	18632	18380	18376	18662	14564	14409	18398	18388	18397	18383	18373	18635	18317	0	0	0	0	18225	14409	14549	16258	18344	18529	19078	16061	15927	15927	15904	0	0	0	0	0	0	0	0	0	0	0	0	0	0	0	0	0	0	0	0	0	0	0	0	0	0	0	0	0	0	0	0	1243	928	714	1501	264	228	246	248	233	253	231	242	231	216	244	243
14969	14980	15565	17911	17987	18007	18015	18033	13766	13736	13740	18040	18051	18051	18043	18031	0	0	0	0	0	13743	13703	13736	17992	0	0	0	14636	14547	14630	14619	16179	16166	16115	19067	18691	18691	18689	19138	14457	15335	14352	18570	18589	18540	18519	18546	0	0	0	0	0	14336	15292	14398	18680	0	0	0	16254	16111	16129	16202	0	0	0	0	0	0	0	0	0	0	0	0	0	0	0	0	0	0	0	0	0	0	0	0	0	0	0	0	0	0	0	0	1390	879	445	1575	264	227	246	248	233	253	231	242	231	216	243	243
14636	14650	13395	13377	15099	17477	13413	13385	13438	17544	17527	17514	17518	17509	17494	17479	17619	17675	17665	17652	17634	17626	17623	13420	13430	13449	17587	17432	14334	14256	14309	14328	16105	16092	14280	14450	15748	18700	14038	14939	14205	18595	18729	18639	18389	18325	18714	18722	18399	18297	18253	18341	18249	18268	18268	14149	15044	14073	18690	18688	15952	15814	15797	15906	0	0	0	0	0	0	0	0	0	0	0	0	0	0	0	0	0	0	0	0	0	0	0	0	0	0	0	0	0	0	0	0	1396	924	1214	2269	264	227	246	248	234	252	231	242	231	216	243	244
14405	14472	14469	17162	17344	17357	17369	13233	13261	13246	13291	17384	17383	17376	17332	17291	17447	17466	17459	17442	17435	13273	13215	13220	13258	17453	17432	17403	14128	14066	14144	14125	15931	15931	15913	18577	18193	18174	18176	13819	14566	14359	13857	18093	18107	18091	18081	18069	18162	18067	18043	18155	18049	13628	14407	14520	13873	18391	18378	18798	15832	15620	15638	15715	0	0	0	0	0	0	0	0	0	0	0	0	0	0	0	0	0	0	0	0	0	0	0	0	0	0	0	0	0	0	0	0	2045	1325	452	1792	264	227	246	248	233	252	231	242	231	216	243	243
14728	16827	16868	17055	17100	17131	17142	17175	12873	0	0	0	17130	0	0	17152	17047	17057	17050	17039	17033	17039	17033	12822	14977	17029	17013	16981	13760	13678	13752	13744	15292	18015	17989	17721	17715	17707	17704	17634	13925	0	0	0	17724	0	0	17474	17890	17677	17667	17665	17662	17666	18097	13922	15374	18420	18397	18403	15374	15235	15246	15324	0	0	0	0	0	0	0	0	0	0	0	0	0	0	0	0	0	0	0	0	0	0	0	0	0	0	0	0	0	0	0	0	1161	716	512	1542	264	227	247	249	233	252	232	242	231	216	243	244
14678	15209	15204	17485	17497	17867	20291	13399	13388	13377	20431	20408	20312	20310	20293	20271	17779	0	0	0	20355	20361	13361	13364	17761	17782	17766	17745	14273	14196	14271	14284	16053	15764	15744	18389	18397	18345	0	13979	15394	14383	0	0	0	0	0	0	18313	0	0	0	0	0	14342	15357	18377	18326	18304	18341	15891	15834	15768	15752	0	0	0	0	0	0	0	0	0	0	0	0	0	0	0	0	0	0	0	0	0	0	0	0	0	0	0	0	0	0	0	0	1486	1990	528	1350	263	227	247	249	234	253	231	242	231	216	244	243
14941	14943	17305	20035	20063	20074	20085	14606	13109	13133	20131	0	20115	0	20112	20099	20025	20038	20037	20026	20015	20023	13119	13085	17375	17438	17419	17386	13982	13929	13981	14010	15466	15464	17973	0	0	0	0	15081	14019	13674	0	0	0	0	0	0	0	0	0	0	0	0	13657	14028	18018	17979	17963	17960	15602	15488	15476	15467	0	0	0	0	0	0	0	0	0	0	0	0	0	0	0	0	0	0	0	0	0	0	0	0	0	0	0	0	0	0	0	0	2087	789	1018	1162	263	227	246	248	233	252	231	241	231	216	243	243
14086	14114	14118	16828	16870	16899	16867	16856	12927	12883	12893	16910	16905	16915	16919	16903	17099	17114	17110	17094	17082	12895	12849	12927	15047	17035	17012	16974	13780	13706	13772	13773	15612	15609	15595	18120	17935	17942	17947	17985	13561	14345	13535	17962	17921	17742	17923	17966	17700	17643	17615	17628	17641	13490	14276	13540	15539	17683	17666	18055	15400	15273	15269	15243	0	0	0	0	0	0	0	0	0	0	0	0	0	0	0	0	0	0	0	0	0	0	0	0	0	0	0	0	0	0	0	0	1316	791	610	1757	263	227	246	248	233	253	231	241	231	216	243	243
14664	14659	14654	14666	14677	14700	14719	14746	13654	13602	13604	14718	14711	14734	14754	14712	14618	14767	14851	14603	14603	13585	13570	13611	14303	14293	14277	14255	14505	14431	14492	14485	16324	16314	16299	16035	16029	16023	16039	16046	14183	14658	14268	16058	16070	16061	16057	16050	16003	16015	16009	16007	15983	14298	14662	14170	16261	16241	16226	16231	16121	15980	15977	16041	0	0	0	0	0	0	0	0	0	0	0	0	0	0	0	0	0	0	0	0	0	0	0	0	0	0	0	0	0	0	0	0	1302	937	518	8191	266	227	246	248	233	253	231	241	231	216	244	243
15511	15525	15525	17942	0	0	0	0	13730	13695	13700	0	0	0	0	0	0	0	0	0	0	13699	13679	13704	17938	0	0	0	14588	14527	14584	14603	16139	16092	15903	18576	0	0	0	0	14347	15009	14297	0	0	0	0	0	0	0	0	0	0	14315	14971	14372	18568	0	0	0	16289	16090	16084	16071	0	0	0	0	0	0	0	0	0	0	0	0	0	0	0	0	0	0	0	0	0	0	0	0	0	0	0	0	0	0	0	0	1619	739	872	1191	263	228	246	248	234	253	231	243	231	216	244	243
14275	14295	14302	16969	17114	17135	17138	17152	13118	13041	13079	17332	17145	17145	17131	17114	17240	17273	17268	17258	17242	13069	13020	13090	17124	17245	17229	17202	13949	13871	13926	13946	15538	15531	14582	17993	17990	17961	17973	17969	13703	14166	13669	17894	17910	17892	17874	17870	17934	17839	17812	17816	17825	13682	14855	13707	18617	17860	17877	18142	15616	15430	15424	15527	0	0	0	0	0	0	0	0	0	0	0	0	0	0	0	0	0	0	0	0	0	0	0	0	0	0	0	0	0	0	0	0	1336	905	987	1596	264	227	246	248	234	253	231	242	232	216	243	243
0	0	0	0	0	0	0	0	0	13404	0	0	0	0	0	0	0	0	0	0	0	0	13391	0	0	0	0	0	14301	14244	14305	14330	0	0	0	0	0	0	0	0	0	14306	0	0	0	0	0	0	0	0	0	0	0	0	14285	0	0	0	0	0	15919	15809	15800	15790	0	0	0	0	0	0	0	0	0	0	0	0	0	0	0	0	0	0	0	0	0	0	0	0	0	0	0	0	0	0	0	0	1445	842	694	436	263	227	246	249	234	252	231	242	231	216	243	243
15519	17702	17732	17808	0	0	0	18079	13729	13691	13699	0	0	0	0	0	18052	0	0	0	0	13690	13665	13698	17957	18061	18049	18018	14581	14517	14592	14583	16039	19014	18993	18695	0	0	0	18362	14498	15196	14377	0	0	0	0	0	18613	0	0	0	0	14404	15212	14489	18665	18630	18601	18603	16207	16080	16088	16046	0	0	0	0	0	0	0	0	0	0	0	0	0	0	0	0	0	0	0	0	0	0	0	0	0	0	0	0	0	0	0	0	1567	802	415	1290	263	227	246	248	233	253	231	241	231	216	243	243
0	0	0	0	0	0	0	0	0	12917	12985	0	0	0	0	0	0	0	0	0	0	12927	12891	0	0	0	0	0	13819	13742	13800	13842	0	0	0	0	0	0	0	0	0	14257	13930	0	0	0	0	0	0	0	0	0	0	13912	14249	0	0	0	0	0	15442	15304	15302	15305	0	0	0	0	0	0	0	0	0	0	0	0	0	0	0	0	0	0	0	0	0	0	0	0	0	0	0	0	0	0	0	0	1112	757	540	459	261	227	245	248	234	252	231	241	230	216	242	243
15203	15213	15212	17642	17663	20351	20365	18084	20429	13376	13408	20391	20393	0	20404	20370	17728	0	0	0	20287	13387	13347	17762	17740	17748	17733	17711	14294	14189	14263	14281	15768	15758	15702	18344	18223	0	0	18376	0	14319	13937	0	0	0	0	0	18296	0	0	0	0	13940	14297	18043	18343	18304	18287	18287	15904	15746	15764	15750	0	0	0	0	0	0	0	0	0	0	0	0	0	0	0	0	0	0	0	0	0	0	0	0	0	0	0	0	0	0	0	0	327	1057	888	1160	263	227	246	248	233	253	231	242	231	217	243	243
14715	15309	17511	17611	17657	17673	17695	17760	13500	13469	17756	17727	17713	17703	17694	17681	17643	17663	17656	17638	17615	17613	13442	13465	17513	17606	17593	17563	14357	14297	14350	14370	15830	15652	18732	18286	18284	18275	18271	18566	14204	14239	18275	18288	18303	18286	18273	18271	18238	18194	18167	18193	18209	18214	14247	14219	19048	18292	18281	18991	15978	15856	15842	15962	0	0	0	0	0	0	0	0	0	0	0	0	0	0	0	0	0	0	0	0	0	0	0	0	0	0	0	0	0	0	0	0	1692	704	744	1399	263	227	246	248	234	252	231	242	231	216	243	243
14112	14517	14662	16784	16947	17091	17100	16953	12907	12866	12897	17139	16963	17141	16939	16935	17040	17071	17067	17055	17031	12877	12832	12866	14459	17029	17013	16963	13756	13680	13757	13748	15353	15357	15339	17773	17715	17688	17690	18095	13497	14074	13434	17696	17707	17684	17677	17672	17732	17619	17607	17602	17608	13440	14067	13483	15019	17651	17635	17923	15374	15237	15252	15321	0	0	0	0	0	0	0	0	0	0	0	0	0	0	0	0	0	0	0	0	0	0	0	0	0	0	0	0	0	0	0	0	1328	842	586	1630	264	227	246	248	234	252	231	242	231	217	243	244
14754	14768	14780	17558	17571	17717	17583	17768	13564	13538	17792	17779	17609	17612	17611	17596	17717	17746	17757	17753	17702	17694	13506	13523	15698	17673	17653	17622	14439	14359	14436	14427	16259	15966	15059	18601	18609	18385	18384	18649	14955	15030	18381	18376	18388	18374	18366	18626	18405	18305	18273	18273	18290	18297	15027	14923	16240	19045	18961	19061	16057	15920	15933	16021	0	0	0	0	0	0	0	0	0	0	0	0	0	0	0	0	0	0	0	0	0	0	0	0	0	0	0	0	0	0	0	0	1336	921	363	1681	263	228	246	248	234	252	231	242	231	217	243	243
14670	14678	14678	14684	15107	15136	15179	15182	15227	13513	17621	17606	17590	17583	17567	15190	15041	15056	15050	15035	15038	15051	13481	15060	14991	15033	15025	14999	14408	14330	14380	14391	16149	16127	15979	15933	15722	15718	15713	16035	15775	14067	18612	18747	18802	18455	18699	16065	15930	15899	15902	15907	15602	15700	14038	15935	15794	15988	15927	16069	16033	15891	15877	15978	0	0	0	0	0	0	0	0	0	0	0	0	0	0	0	0	0	0	0	0	0	0	0	0	0	0	0	0	0	0	0	0	1189	716	1741	2789	265	228	246	248	234	253	231	242	232	216	244	243
14641	14651	14660	17376	17642	17684	17685	17696	13434	13434	17734	17708	17719	17723	17715	17702	17656	17666	17663	17649	17643	17652	13414	13401	15584	17652	17629	17600	14328	14224	14301	14313	16146	15991	15550	18357	18322	18267	18275	18492	14304	14140	18286	18276	18284	18260	18253	18249	18243	18238	18219	18219	18223	18225	14134	14295	16039	18251	18248	18509	15944	15790	15804	15873	0	0	0	0	0	0	0	0	0	0	0	0	0	0	0	0	0	0	0	0	0	0	0	0	0	0	0	0	0	0	0	0	849	888	676	1458	264	227	246	248	234	252	232	242	231	216	243	243
14728	17055	17059	19776	19880	19896	19908	19932	12975	12888	12923	0	0	0	0	19914	0	0	0	0	0	12919	12866	0	17276	19858	19845	19814	13790	13720	13772	13801	15236	17937	17907	20471	20422	20407	20408	0	13488	13885	13481	0	0	0	0	20411	0	0	0	0	0	13485	13841	0	17676	20413	20401	20403	15410	15281	15272	15262	0	0	0	0	0	0	0	0	0	0	0	0	0	0	0	0	0	0	0	0	0	0	0	0	0	0	0	0	0	0	0	0	1205	806	739	992	263	228	246	249	233	253	231	242	231	216	244	243
14980	14987	14987	17417	20275	20286	0	0	13168	13140	0	0	0	0	0	0	0	0	0	0	0	0	13132	13158	20158	0	0	0	14044	13979	14033	14057	15548	15540	15507	17931	0	0	0	0	14192	14394	0	0	0	0	0	0	0	0	0	0	0	0	14381	14185	0	0	0	0	16114	15542	15532	15523	0	0	0	0	0	0	0	0	0	0	0	0	0	0	0	0	0	0	0	0	0	0	0	0	0	0	0	0	0	0	0	0	1685	752	768	1071	263	227	246	248	234	253	231	242	231	217	243	243
14569	14959	15122	17388	17395	17403	17411	17416	17462	13314	13424	17433	17435	17429	17403	17392	17489	17500	17505	17491	17483	13385	13282	13414	14845	17362	17338	15190	14215	14152	14219	14207	15814	15820	15802	18436	18241	18158	18162	18553	18230	14838	13750	18141	18157	18145	18124	18339	18286	18212	18219	18337	18131	13907	14839	13695	15474	18280	18379	15588	15836	15716	15706	15790	0	0	0	0	0	0	0	0	0	0	0	0	0	0	0	0	0	0	0	0	0	0	0	0	0	0	0	0	0	0	0	0	1445	741	453	1908	264	227	246	248	233	253	232	241	231	216	243	243
14707	16935	16941	17177	19797	19812	12835	12847	12894	12857	12890	0	0	0	0	0	19780	19822	0	19821	19776	12863	12835	12855	12859	12837	17200	17165	13756	13684	13727	13772	15229	18099	17807	17671	20374	20353	13699	13696	13770	14285	13404	0	0	0	0	0	20363	20308	0	20091	20347	13404	14270	13774	13804	13790	17687	17729	15372	15243	15226	15227	0	0	0	0	0	0	0	0	0	0	0	0	0	0	0	0	0	0	0	0	0	0	0	0	0	0	0	0	0	0	0	0	1369	971	2190	1088	262	226	245	248	233	252	231	241	231	216	242	243
14803	15347	15344	17656	17694	17728	17758	17786	13553	13531	17812	17790	17788	17776	17749	17643	17719	17740	17730	17718	17698	17695	13504	13513	15710	17677	17664	17635	14413	14363	14429	14424	16237	15911	15887	18810	18643	18370	18393	18670	14586	15021	18389	18381	18398	18385	18374	18425	19055	18750	18699	18741	19069	19069	15026	14740	16237	19101	19081	19077	16029	15927	15925	15886	0	0	0	0	0	0	0	0	0	0	0	0	0	0	0	0	0	0	0	0	0	0	0	0	0	0	0	0	0	0	0	0	1708	675	545	1793	263	228	246	248	234	253	231	242	231	216	243	243
17320	17343	17365	17715	20289	20319	20330	20351	13336	0	0	0	0	0	0	0	17692	0	0	0	20275	20278	20282	13300	17565	17682	17667	17623	14224	14141	14206	14234	18669	18553	18377	18106	0	0	0	0	13911	0	0	0	0	0	0	0	17950	0	0	0	0	0	0	13877	18277	18229	18207	18216	15915	15704	15708	15700	0	0	0	0	0	0	0	0	0	0	0	0	0	0	0	0	0	0	0	0	0	0	0	0	0	0	0	0	0	0	0	0	1472	729	742	1179	263	228	246	249	233	253	231	242	231	216	243	243
14164	14161	14157	14172	14182	14199	14221	14241	13151	13103	13105	14211	14222	14237	14260	14243	14891	14894	14889	14883	14119	13096	13073	13122	13809	14131	14120	14100	13995	13930	13999	13983	15799	15795	15778	15533	15525	15519	15533	15536	13731	14233	13731	15555	15567	15560	15555	15552	15492	15490	15479	15501	14631	13720	14304	13714	15753	15512	15511	15510	15680	15486	15483	15545	0	0	0	0	0	0	0	0	0	0	0	0	0	0	0	0	0	0	0	0	0	0	0	0	0	0	0	0	0	0	0	0	1779	772	723	4010	266	227	246	248	233	253	232	242	231	216	244	243
15213	15224	15222	17667	17694	17722	20384	17734	14304	13377	0	0	0	0	0	20391	17742	20338	0	0	20302	20324	13353	14277	17626	17764	17754	17726	14280	14214	14279	14293	15808	15772	15734	18397	18275	18187	0	18649	14921	14049	0	0	0	0	0	0	18303	0	0	0	0	0	14031	14930	18351	18302	18284	18287	15966	15772	15769	15758	0	0	0	0	0	0	0	0	0	0	0	0	0	0	0	0	0	0	0	0	0	0	0	0	0	0	0	0	0	0	0	0	1378	856	511	1198	263	226	245	248	234	252	231	242	230	216	243	243
14753	15311	15302	17654	17688	17820	17829	13519	13535	13525	0	20473	17852	17847	20464	17688	17836	20444	20439	20419	20407	20419	13512	13506	13545	20405	17756	17715	14410	14355	14408	14427	16258	16039	15873	18467	18432	18357	18371	14038	14678	14359	0	0	18359	0	0	18351	18414	0	0	0	0	0	14363	14643	14220	0	18224	18389	16100	15909	15900	15884	0	0	0	0	0	0	0	0	0	0	0	0	0	0	0	0	0	0	0	0	0	0	0	0	0	0	0	0	0	0	0	0	2118	859	619	1344	263	228	246	248	234	253	231	242	231	216	244	243
14116	14123	14120	16915	16950	16970	16990	16984	12888	12947	17077	17060	17013	17019	17007	16977	16997	17051	17047	17019	17033	17025	12910	12878	12922	14373	14369	14349	13786	13701	13769	13781	15407	15331	15300	17904	17680	17654	17662	17923	14245	13442	17649	17645	17698	17653	17642	17703	17862	17646	17631	17717	17691	17748	13575	14245	13397	15090	15220	15237	15457	15266	15275	15376	0	0	0	0	0	0	0	0	0	0	0	0	0	0	0	0	0	0	0	0	0	0	0	0	0	0	0	0	0	0	0	0	1653	1039	803	1814	263	227	246	248	233	252	231	241	231	216	243	243
14981	15556	17662	17956	17979	17999	18010	13731	13744	13740	18047	18030	18039	18034	18030	18024	17955	17963	17955	17937	17937	17942	13719	13719	13753	17933	17919	17894	14609	14546	14616	14634	16109	16083	19148	18574	18591	18583	18578	14284	14859	14472	18612	18601	18617	18607	18591	18614	18892	18671	18525	18553	18658	18589	14493	14923	14339	19333	18653	19320	16296	17420	16115	16101	0	0	0	0	0	0	0	0	0	0	0	0	0	0	0	0	0	0	0	0	0	0	0	0	0	0	0	0	0	0	0	0	2562	2413	791	1441	264	227	246	248	234	253	232	242	231	216	243	243
0	0	0	0	0	0	0	0	0	13544	13498	13520	0	0	0	0	0	0	0	0	13519	13493	13516	0	0	0	0	0	14406	14346	14391	14437	0	0	0	0	0	0	0	0	0	14091	14480	14065	0	0	0	0	0	0	0	0	14052	14469	14065	0	0	0	0	0	16025	15907	15891	15895	0	0	0	0	0	0	0	0	0	0	0	0	0	0	0	0	0	0	0	0	0	0	0	0	0	0	0	0	0	0	0	0	1309	810	1225	599	262	227	246	249	234	253	231	242	232	216	243	243
14686	14690	16989	19792	19827	19831	19844	19879	12897	12859	12885	19875	19890	0	19875	19860	0	0	0	0	0	12883	12841	12871	17231	19781	19771	19736	13760	13690	13752	13769	15225	15214	18059	0	20462	20377	20414	0	13631	13937	13430	20222	20213	0	20199	20361	0	0	0	0	0	13440	13915	13600	17702	20378	20359	20359	15390	15252	15248	15239	0	0	0	0	0	0	0	0	0	0	0	0	0	0	0	0	0	0	0	0	0	0	0	0	0	0	0	0	0	0	0	0	1374	718	380	1024	262	227	246	249	234	252	232	242	231	217	243	244
17203	17219	17236	20075	20197	20219	0	0	13216	13193	0	0	0	0	0	0	0	0	0	0	0	0	13176	13191	20045	20180	20169	20137	14088	14018	14082	14104	18470	18435	18400	0	0	0	0	0	14002	14067	0	0	0	0	0	0	0	0	0	0	0	0	14058	13949	0	0	0	0	15707	15578	15579	15567	0	0	0	0	0	0	0	0	0	0	0	0	0	0	0	0	0	0	0	0	0	0	0	0	0	0	0	0	0	0	0	0	1260	867	577	1026	263	227	246	249	234	252	232	242	231	216	243	243
15276	15290	17468	17740	17757	17768	17787	17807	13463	13442	0	0	0	0	0	0	17719	20383	0	0	20355	17727	13422	13433	17621	17710	17704	17676	14333	14277	14336	14350	15870	15814	18673	18327	18318	18281	18271	18626	14790	14755	0	0	0	0	0	0	18327	0	0	0	0	18022	14748	14794	18340	18304	18295	18286	15952	15834	15821	16030	0	0	0	0	0	0	0	0	0	0	0	0	0	0	0	0	0	0	0	0	0	0	0	0	0	0	0	0	0	0	0	0	1540	756	838	1310	263	227	246	248	234	253	231	242	231	217	243	243
15155	17295	17321	17515	17527	17638	17647	17667	13361	13341	17698	17684	17680	17673	17672	17555	17619	17643	0	17631	17626	17638	13312	13326	17532	17622	17610	17569	14243	14156	14220	14253	16082	18735	18724	18591	18182	18159	18163	18204	14230	14198	18123	18075	18201	18186	18180	18205	18219	18158	0	18101	18182	18187	14196	14230	18592	18222	18207	18201	15856	15721	15718	15711	0	0	0	0	0	0	0	0	0	0	0	0	0	0	0	0	0	0	0	0	0	0	0	0	0	0	0	0	0	0	0	0	1787	1014	1738	1307	263	227	246	248	234	253	232	242	231	216	243	244
14507	15104	15107	17304	17541	17569	17581	17589	17625	13274	20304	17600	17606	0	20283	17596	17673	0	0	0	20230	20235	13248	20253	17548	20213	20201	17627	14182	14099	14188	14178	15735	15736	15713	18569	18303	18239	18203	18564	18301	14485	0	17977	18085	0	0	18214	18043	0	0	0	0	0	14460	0	18243	0	0	18172	15804	15659	15687	15798	0	0	0	0	0	0	0	0	0	0	0	0	0	0	0	0	0	0	0	0	0	0	0	0	0	0	0	0	0	0	0	0	1451	952	486	1385	263	227	246	249	234	253	231	242	231	217	243	243
14293	14307	14304	17033	17094	17308	17321	17055	13114	13095	13121	17387	17354	17375	17180	17156	17385	0	0	0	17384	17385	13071	13092	17373	17393	17362	17322	13993	13925	13993	13987	15824	15810	15525	18311	18260	18008	18013	18479	13953	14151	13573	17999	18008	17994	17975	18011	17949	0	0	0	17665	17844	14127	13901	18005	17957	17936	18136	15612	15483	15481	15562	0	0	0	0	0	0	0	0	0	0	0	0	0	0	0	0	0	0	0	0	0	0	0	0	0	0	0	0	0	0	0	0	1347	815	486	1639	264	227	246	248	234	252	232	242	231	217	243	244
15250	15257	15261	17696	20432	20451	20459	20473	13438	13420	0	0	0	0	0	0	17779	17808	20392	20385	17791	17796	13397	13408	17681	17790	17778	17756	14324	14236	14304	14321	15799	15787	15545	18356	0	0	0	0	14211	14196	0	0	0	0	0	0	18343	18087	0	0	18220	18245	14183	14189	18389	18353	18332	18326	15935	15794	15800	15789	0	0	0	0	0	0	0	0	0	0	0	0	0	0	0	0	0	0	0	0	0	0	0	0	0	0	0	0	0	0	0	0	1168	926	585	1195	263	226	246	248	233	253	231	241	231	216	243	243
14517	14524	14528	14545	14983	14987	15002	15009	13353	13323	17365	17347	17363	17357	17346	17338	14935	17477	17484	17463	17457	17468	13300	13323	14862	14919	14911	14883	14226	14157	14215	14224	15934	15832	15822	15734	15533	15525	15522	15905	14481	14518	18414	18403	18411	18398	18396	18389	15245	18279	18314	18331	18119	18151	14532	14530	15523	15769	15785	15780	15852	15718	15710	15834	0	0	0	0	0	0	0	0	0	0	0	0	0	0	0	0	0	0	0	0	0	0	0	0	0	0	0	0	0	0	0	0	1245	869	945	2173	264	227	246	248	234	253	232	242	231	216	243	244
15279	15285	15287	17623	17736	20405	20421	20435	13489	13462	13485	20450	20455	20459	20447	20437	17816	20391	0	20383	20343	13479	13441	13459	17733	17834	17825	17798	14379	14284	14347	14363	15848	15846	15822	18397	18347	0	0	0	14559	14682	14050	0	0	0	0	0	18381	0	0	0	0	14049	14674	14518	18429	18390	18367	18365	15991	15846	15846	15832	0	0	0	0	0	0	0	0	0	0	0	0	0	0	0	0	0	0	0	0	0	0	0	0	0	0	0	0	0	0	0	0	575	912	885	1458	263	228	246	249	234	253	232	242	231	216	243	243
15087	15097	15100	17502	17567	0	0	17970	13271	13256	13288	0	20254	0	0	20233	17600	20175	0	20175	20159	13274	13225	13240	13292	20147	20129	17564	14166	14071	14146	14157	15638	15630	15470	18146	18109	0	0	18299	14300	14359	13834	0	0	0	0	0	18119	0	0	0	0	13835	14347	14293	13849	0	0	18116	15773	15629	15642	15625	0	0	0	0	0	0	0	0	0	0	0	0	0	0	0	0	0	0	0	0	0	0	0	0	0	0	0	0	0	0	0	0	1158	1167	465	1084	263	227	246	248	233	253	231	242	231	216	243	243
14280	16961	16951	17230	17319	17342	17357	13033	13058	13064	19981	19962	17376	17375	19968	17369	17304	17325	0	0	0	17309	13046	13022	13061	17260	17245	17207	13945	13870	13925	13942	15347	18388	18347	17921	17878	17854	17844	13564	14091	13650	0	0	17878	17657	20469	17707	17859	0	0	0	0	17621	13621	14083	13622	17884	17876	17874	15562	15428	15419	15410	0	0	0	0	0	0	0	0	0	0	0	0	0	0	0	0	0	0	0	0	0	0	0	0	0	0	0	0	0	0	0	0	1045	762	1818	1127	263	227	246	248	234	253	231	242	231	216	244	243
14995	15571	15567	17880	17971	18019	18036	18061	13802	13762	13759	18069	18083	18085	0	18052	0	0	0	0	0	13759	13735	13790	18113	0	0	18113	14664	14580	14642	14654	16205	16197	16177	19059	19019	18971	19001	19155	14390	15162	14426	18643	18742	18349	0	18945	0	0	0	0	0	14422	15118	14359	18726	0	0	18642	16282	16146	16142	16119	0	0	0	0	0	0	0	0	0	0	0	0	0	0	0	0	0	0	0	0	0	0	0	0	0	0	0	0	0	0	0	0	1152	771	1314	1500	263	227	246	248	233	252	231	243	230	216	243	243
17504	17762	17768	20312	0	0	0	13502	13506	0	0	0	0	0	0	0	0	0	0	0	0	0	0	13487	13544	0	0	0	14381	14315	14382	14399	18894	18847	18294	0	0	0	0	14040	14379	0	0	0	0	0	0	0	0	0	0	0	0	0	0	14361	14099	0	0	0	16086	15871	15877	15863	0	0	0	0	0	0	0	0	0	0	0	0	0	0	0	0	0	0	0	0	0	0	0	0	0	0	0	0	0	0	0	0	1679	1577	699	892	263	228	246	248	234	253	232	242	231	217	243	244
14164	14158	16921	16955	16978	17357	17336	12906	12919	12901	12965	19719	19734	19728	19717	19702	17268	0	0	0	0	17295	12879	12890	12938	17276	17256	17234	13806	13727	13794	13806	15385	15255	18239	18116	17902	17894	17898	13467	14023	13944	13504	0	0	20262	0	0	17847	0	0	0	0	17559	13906	14010	13525	18117	18117	18159	15467	15286	15286	15379	0	0	0	0	0	0	0	0	0	0	0	0	0	0	0	0	0	0	0	0	0	0	0	0	0	0	0	0	0	0	0	0	1264	775	502	1377	263	227	246	249	233	252	231	242	231	216	243	243
14494	14682	16748	16951	17094	17107	17121	12841	12851	12885	17161	17142	17152	17152	17147	17137	17021	17051	17050	17037	17013	17017	12843	12821	12849	16984	16979	16929	13724	13669	13737	13730	15347	15335	18101	17678	17672	17663	17666	13385	14211	13750	17672	17676	17688	17596	17602	17647	17727	17621	17598	17603	17608	17613	13744	14196	13442	17654	17900	17898	15346	15230	15226	15316	0	0	0	0	0	0	0	0	0	0	0	0	0	0	0	0	0	0	0	0	0	0	0	0	0	0	0	0	0	0	0	0	1704	801	378	1539	263	227	246	247	233	252	231	242	230	216	243	243
14643	15331	17350	17593	17673	17690	17705	17718	13466	13406	13430	17738	17713	0	17718	17715	17626	0	0	0	0	13414	13377	17627	15560	17564	17555	17523	14307	14234	14295	14316	15094	15777	18710	18234	18238	18227	18227	18236	13963	14688	13921	18045	18252	0	18210	18206	18155	0	0	0	0	13755	14674	18059	16125	18175	18162	18937	15921	15796	15792	15891	0	0	0	0	0	0	0	0	0	0	0	0	0	0	0	0	0	0	0	0	0	0	0	0	0	0	0	0	0	0	0	0	1239	763	1043	1255	264	227	246	248	233	253	232	242	231	216	243	243
0	0	0	0	0	0	0	0	0	0	0	0	0	0	0	0	0	0	0	0	0	0	0	0	0	0	0	0	14613	14563	14578	14613	0	0	0	0	0	0	0	0	0	0	0	0	0	0	0	0	0	0	0	0	0	0	0	0	0	0	0	0	16299	16121	16084	16072	0	0	0	0	0	0	0	0	0	0	0	0	0	0	0	0	0	0	0	0	0	0	0	0	0	0	0	0	0	0	0	0	3801	451	2070	430	263	228	246	248	234	253	231	242	231	216	243	243
15313	17636	17669	17803	20446	20455	20464	20478	0	13478	0	0	0	0	0	0	17850	20436	20436	20424	20391	13497	13462	20444	17745	17850	17838	17810	14382	14307	14366	14394	15787	18647	18475	18057	0	0	0	0	0	14365	0	0	0	0	0	0	18368	0	0	0	0	14015	14365	0	18444	18389	18365	18369	15999	15865	15867	15860	0	0	0	0	0	0	0	0	0	0	0	0	0	0	0	0	0	0	0	0	0	0	0	0	0	0	0	0	0	0	0	0	1375	1763	859	1272	264	227	246	249	234	253	232	242	231	216	243	243
14528	15112	17308	17354	17378	17390	13363	13235	13280	13324	17589	0	17407	0	17554	20190	17481	17487	17483	17470	17466	17470	13296	13243	13250	13377	17454	17426	14164	14074	14153	14167	15647	15621	18570	18279	18102	18099	13947	14995	14343	13897	0	0	18118	0	18040	0	18159	18008	17981	17983	18003	18015	13865	14343	15049	14945	18099	18791	15773	16929	15650	15628	0	0	0	0	0	0	0	0	0	0	0	0	0	0	0	0	0	0	0	0	0	0	0	0	0	0	0	0	0	0	0	0	1329	2544	1195	1417	264	228	245	248	234	253	232	242	231	217	243	243
15203	15209	17426	17455	20257	20273	20291	0	20348	13342	0	0	20308	0	20306	20308	17627	20214	20207	20179	20171	20182	13309	20202	17580	17623	17612	17581	14248	14160	14226	14246	15700	18496	18479	18145	0	0	0	0	0	14300	0	0	0	0	0	0	18249	0	0	0	0	0	14297	0	18345	18256	18224	18253	15858	15719	15722	15935	0	0	0	0	0	0	0	0	0	0	0	0	0	0	0	0	0	0	0	0	0	0	0	0	0	0	0	0	0	0	0	0	1352	1000	799	1261	263	227	246	248	234	253	231	242	232	217	243	243
15131	15142	17328	17581	17613	17646	17657	13312	13321	13311	0	20312	20324	0	20306	20291	20234	20261	20253	20239	20222	20232	13291	13292	13342	20210	20198	17633	14210	14128	14196	14213	15762	15756	18557	18513	18216	18151	18153	13829	14531	14110	0	0	0	0	0	0	0	0	0	0	0	0	14071	14521	13900	0	0	18001	15824	15690	15689	15797	0	0	0	0	0	0	0	0	0	0	0	0	0	0	0	0	0	0	0	0	0	0	0	0	0	0	0	0	0	0	0	0	1199	832	541	1282	263	228	246	248	234	253	231	242	231	217	243	243
17208	17236	17239	0	0	0	0	12979	12985	12981	0	0	0	0	0	0	0	0	0	0	0	0	12969	12967	13016	0	0	0	13851	13796	13859	13883	17800	17787	17497	0	0	0	0	13507	14027	13712	0	0	0	0	0	0	0	0	0	0	0	0	13682	14019	13583	0	0	0	15532	15357	15360	15350	0	0	0	0	0	0	0	0	0	0	0	0	0	0	0	0	0	0	0	0	0	0	0	0	0	0	0	0	0	0	0	0	2138	996	1139	694	263	227	246	248	233	253	231	242	231	216	243	244
15357	15358	17653	17791	20467	0	0	18238	13586	13525	13542	0	0	0	0	0	20462	0	0	0	0	13527	13494	13554	17772	17896	17884	17854	14421	14349	14414	14420	15901	15883	18742	18397	0	0	0	18666	14605	15118	14680	0	0	0	0	0	0	0	0	0	0	14677	15073	14158	18462	18361	18165	18386	16043	15909	15907	15887	0	0	0	0	0	0	0	0	0	0	0	0	0	0	0	0	0	0	0	0	0	0	0	0	0	0	0	0	0	0	0	0	1696	780	1252	1093	263	227	246	248	233	252	231	242	231	216	243	243
17031	19529	19533	0	0	0	0	0	12829	12731	12758	0	0	0	0	0	0	0	0	0	0	12736	12705	12791	17264	19587	19577	19545	13634	13551	13615	13645	17878	0	20439	0	0	0	0	0	13336	14574	13422	0	0	0	0	0	0	0	0	0	0	13454	14581	13285	17866	20283	20115	20407	15256	15116	15118	15112	0	0	0	0	0	0	0	0	0	0	0	0	0	0	0	0	0	0	0	0	0	0	0	0	0	0	0	0	0	0	0	0	1124	814	816	933	263	227	246	248	234	252	231	242	231	217	243	243
14272	14818	14822	17122	17476	19914	19923	19920	13041	13007	13037	20034	20046	20039	20034	19902	17415	0	0	0	19977	13033	12986	13016	17369	17413	17396	17368	13904	13839	13896	13910	15378	15364	15331	18021	18007	0	0	0	13951	14121	13525	0	0	0	0	0	17918	0	0	0	0	13502	14080	13935	18000	17957	17937	17937	15527	15401	15390	15379	0	0	0	0	0	0	0	0	0	0	0	0	0	0	0	0	0	0	0	0	0	0	0	0	0	0	0	0	0	0	0	0	1288	748	494	1363	262	227	246	248	234	252	231	242	231	216	243	244
14934	15311	15317	17754	17760	17776	17779	13650	13662	13679	0	17966	17796	0	17773	17758	17825	17855	17859	17852	17830	17835	13642	13630	13654	15252	15537	15220	14543	14473	14545	14538	16186	16179	16161	18470	18466	18462	18466	14207	14878	14301	0	18245	18490	0	18175	18471	18562	18418	18396	18397	18407	18418	14359	14890	14255	16108	16084	16100	16178	16031	16037	16115	0	0	0	0	0	0	0	0	0	0	0	0	0	0	0	0	0	0	0	0	0	0	0	0	0	0	0	0	0	0	0	0	1014	815	456	1451	263	227	246	248	233	252	231	242	231	216	243	243
14079	14105	14118	14564	14564	16926	16927	14890	12949	12915	16975	16927	16946	16941	16921	16906	17085	17103	17106	17094	17082	17090	12887	12908	14425	16969	16955	14725	13808	13738	13823	13804	15493	15478	15412	15322	15077	17950	17886	15466	13646	13755	17962	17803	17794	17778	17760	17957	17902	17681	17669	17666	17661	17669	13756	13648	15072	17939	17957	15333	15434	15298	15325	15403	0	0	0	0	0	0	0	0	0	0	0	0	0	0	0	0	0	0	0	0	0	0	0	0	0	0	0	0	0	0	0	0	1537	1045	409	1862	263	226	245	248	233	252	232	242	230	217	243	243
15017	15026	17141	17473	17490	20137	20299	17973	13260	13170	13169	0	0	0	0	0	17566	20123	0	20139	20100	13159	13144	13237	17432	20084	20074	17524	14056	13999	14068	14067	15571	15544	18505	18161	18014	0	0	18498	13815	14282	14059	0	0	0	0	0	17909	0	0	0	0	14065	14282	13808	18119	0	0	17997	15675	15558	15562	15525	0	0	0	0	0	0	0	0	0	0	0	0	0	0	0	0	0	0	0	0	0	0	0	0	0	0	0	0	0	0	0	0	1660	845	457	1253	263	227	246	248	234	253	231	243	231	217	244	244
14209	14222	14218	14647	17019	12953	12939	12971	13003	12985	13003	17047	12965	17039	17020	17004	17161	17191	17199	12943	17158	12994	12960	12967	13009	12967	12975	14873	13868	13814	13875	13871	15606	15594	15446	15177	17994	13598	14018	13525	14046	14038	13585	17843	13646	17826	17820	18033	17839	17768	17738	13604	17746	13557	13997	14006	13591	14068	13602	15346	15488	15372	15370	15476	0	0	0	0	0	0	0	0	0	0	0	0	0	0	0	0	0	0	0	0	0	0	0	0	0	0	0	0	0	0	0	0	1947	812	943	1747	264	227	246	248	234	253	231	242	231	217	243	244
12810	12752	12760	0	0	0	0	0	12829	12849	0	0	0	0	0	0	19798	0	0	0	0	0	12815	12799	12847	19788	19769	19736	13706	13631	13698	13718	13346	14035	13780	19852	0	0	0	0	13837	13540	0	0	0	0	0	0	20314	0	0	0	0	0	13530	13829	13275	20359	20329	20334	15327	15186	15192	15314	0	0	0	0	0	0	0	0	0	0	0	0	0	0	0	0	0	0	0	0	0	0	0	0	0	0	0	0	0	0	0	0	1450	1035	792	1041	262	227	246	249	234	253	231	242	230	216	243	243
14340	14351	17104	17148	19920	0	0	17927	13131	13103	13107	0	0	0	0	0	20071	0	0	0	20082	13099	13071	13097	17358	17473	20043	17435	13989	13920	13997	13994	15559	14771	18374	18084	0	0	0	18388	13845	14409	13702	0	0	0	0	0	0	0	0	0	20419	13690	14343	13831	18051	17998	0	17989	15687	15475	15496	15555	0	0	0	0	0	0	0	0	0	0	0	0	0	0	0	0	0	0	0	0	0	0	0	0	0	0	0	0	0	0	0	0	2904	929	500	1288	264	227	247	249	233	253	232	242	231	217	243	243
14854	14877	14879	15313	15312	17731	17730	17736	13684	13653	17769	17752	17749	17742	17722	17704	15238	17836	17840	17831	17804	17692	13627	13648	15190	15250	15241	15216	14564	14483	14549	14542	16160	16145	16131	15983	15822	18691	18700	18882	14474	14570	18560	18659	18508	18487	18466	18792	15701	18605	18381	18540	18419	18412	14569	14446	15824	15757	15596	16090	16185	16047	16045	16105	0	0	0	0	0	0	0	0	0	0	0	0	0	0	0	0	0	0	0	0	0	0	0	0	0	0	0	0	0	0	0	0	1209	775	516	2218	264	227	246	248	233	253	231	243	231	217	243	243
14282	14300	14681	17131	17134	17146	17145	17150	13101	13039	13075	17320	17158	17171	17135	17116	17238	17257	17257	17247	17234	13045	13018	13062	14598	14653	17098	14620	13934	13863	13922	13939	15529	15515	15506	17982	17868	17866	17870	17959	13630	14055	13570	17892	17902	17884	17876	17875	17957	17943	17820	17838	17815	13576	14061	13606	15212	17862	18037	14924	15650	15425	15416	15539	0	0	0	0	0	0	0	0	0	0	0	0	0	0	0	0	0	0	0	0	0	0	0	0	0	0	0	0	0	0	0	0	2054	1007	685	1804	264	227	246	248	234	252	232	242	231	216	243	244
15492	17552	17552	17807	17854	17880	13584	13590	17970	17957	17934	17926	17907	17913	17907	17898	17820	17835	17830	17823	17796	17803	17794	17818	13613	13598	17761	17730	14507	14449	14513	14516	16035	19079	18900	18452	18461	18446	14684	14694	18518	18488	18468	18461	18475	18459	18446	18447	18444	18400	18380	18380	18385	18391	18393	18407	14853	14828	18497	19162	16227	16010	16006	15978	0	0	0	0	0	0	0	0	0	0	0	0	0	0	0	0	0	0	0	0	0	0	0	0	0	0	0	0	0	0	0	0	1865	1053	408	1395	262	227	244	248	233	251	231	241	230	216	242	243
17147	17165	19940	19955	0	0	0	0	13174	13172	0	0	0	0	0	0	0	0	0	0	0	0	13169	13147	17744	20058	20051	20018	14061	13990	14046	14066	18371	18351	0	0	0	0	0	0	14042	13890	0	0	0	0	0	0	0	0	0	0	0	0	13875	14013	18302	0	0	0	15758	15551	15541	15533	0	0	0	0	0	0	0	0	0	0	0	0	0	0	0	0	0	0	0	0	0	0	0	0	0	0	0	0	0	0	0	0	1390	737	863	929	263	227	246	248	234	253	231	242	231	216	243	243
14795	17571	17570	17592	17882	17913	17923	17926	17986	13554	0	0	0	0	0	0	17834	17931	0	0	17854	17856	13523	17882	17748	17842	17825	17793	14455	14372	14452	14456	15250	18955	18764	18484	18479	18435	18436	18459	18457	14155	0	0	0	0	0	0	18450	0	0	0	18396	18412	14196	18407	18480	18451	18422	18679	16166	15931	15953	16055	0	0	0	0	0	0	0	0	0	0	0	0	0	0	0	0	0	0	0	0	0	0	0	0	0	0	0	0	0	0	0	0	1455	1052	528	1430	263	227	246	248	233	253	231	241	231	217	243	243
14138	14168	14175	14211	14655	14666	14684	14676	12996	12973	12979	17025	17031	17023	19844	17000	14499	17087	17075	14487	14485	12957	12943	12954	14464	14488	14474	14446	13864	13801	13875	13858	15583	15582	15538	15355	15342	15050	15220	15369	13714	14760	13566	18034	18024	18010	18014	18028	15035	17949	17939	14863	15019	13562	14750	13712	15108	15072	15314	15348	15495	15370	15371	15441	0	0	0	0	0	0	0	0	0	0	0	0	0	0	0	0	0	0	0	0	0	0	0	0	0	0	0	0	0	0	0	0	1780	738	468	2464	265	227	246	249	233	252	231	242	231	216	243	243
13616	13598	13510	13475	13485	13546	13550	13536	13579	13571	13556	13527	13565	13557	13540	13545	13558	13538	13542	13549	13527	13538	13542	13538	13544	13581	13572	13529	14431	14369	14447	14425	14608	14606	14594	15225	14755	14574	14391	14685	14727	14260	14409	14889	14219	14377	15288	14221	14259	15210	14316	14243	14798	14461	14280	14772	15877	14528	14584	14790	16128	15927	15947	16013	0	0	0	0	0	0	0	0	0	0	0	0	0	0	0	0	0	0	0	0	0	0	0	0	0	0	0	0	0	0	0	0	8191	2015	529	2060	264	227	246	248	233	253	232	242	231	216	243	243
14915	14935	14936	17619	17708	17895	17907	17925	13768	13703	13707	17946	17952	17945	17773	17754	17956	0	0	0	17946	13715	13670	17939	15856	17933	17910	17865	14601	14524	14599	14588	16431	16414	16107	18963	18764	18652	18685	18882	14249	15194	14883	18612	18599	18585	18569	18792	18518	0	0	0	18465	14895	15185	18503	16418	18524	18507	18507	16229	16086	16092	16163	0	0	0	0	0	0	0	0	0	0	0	0	0	0	0	0	0	0	0	0	0	0	0	0	0	0	0	0	0	0	0	0	1268	912	357	1701	264	228	247	248	234	253	232	242	231	216	243	244
14802	14803	14796	14925	15571	15605	15618	15177	13782	13731	13742	17764	15606	13704	17756	15592	15515	15519	13704	15509	15502	13730	13694	13758	14757	15516	15500	15023	14622	14526	14620	14613	16444	16197	16177	16141	16134	16100	16045	16142	14516	15755	14486	19030	16141	14883	19021	16070	16075	16054	14917	16047	16058	15076	15722	14495	15342	16105	16081	16082	16370	17413	16132	16206	0	0	0	0	0	0	0	0	0	0	0	0	0	0	0	0	0	0	0	0	0	0	0	0	0	0	0	0	0	0	0	0	2127	2813	526	2710	264	227	246	248	233	253	231	242	231	216	243	243
14601	14605	15182	17562	17634	17647	17672	17691	13404	13376	17722	17704	17715	17726	17709	17688	17713	0	0	0	0	0	13355	13378	17591	17722	17719	17677	14265	14202	14275	14275	15838	15824	15796	18331	18314	18305	18297	18608	14275	14293	18212	18182	18275	0	18166	18186	18251	0	0	0	0	0	14271	14257	18302	18190	0	18235	15952	15762	15772	15848	0	0	0	0	0	0	0	0	0	0	0	0	0	0	0	0	0	0	0	0	0	0	0	0	0	0	0	0	0	0	0	0	1929	1107	453	1431	263	227	246	248	234	253	231	242	231	216	243	243
14430	14965	14962	17299	17319	17338	17363	17447	13220	13162	13165	17441	17433	17433	17324	17293	17388	20033	20037	20017	17381	13149	13125	13181	17302	17367	17350	17310	14061	13973	14046	14054	15571	15554	15510	18290	18006	17999	18007	18318	13790	14599	13800	18001	18021	18006	18001	17991	18063	0	20336	0	17915	13792	14547	13774	18755	17987	17973	17967	15675	15548	15541	15633	0	0	0	0	0	0	0	0	0	0	0	0	0	0	0	0	0	0	0	0	0	0	0	0	0	0	0	0	0	0	0	0	1244	848	455	1680	263	228	247	248	234	253	231	242	231	217	243	244
14716	14719	16919	17196	19844	19851	19862	12867	12898	12901	0	0	0	0	0	19884	17232	0	0	0	0	19860	12875	12866	12890	17247	17232	17205	13780	13698	13764	13794	15234	15122	18045	17779	20407	20387	20399	13451	14094	13554	0	0	0	0	0	0	17786	0	0	0	0	0	13566	14093	13519	17804	17786	17780	15467	15258	15265	15258	0	0	0	0	0	0	0	0	0	0	0	0	0	0	0	0	0	0	0	0	0	0	0	0	0	0	0	0	0	0	0	0	1722	1430	856	1048	262	227	246	248	234	252	231	242	231	217	243	244
13418	13408	13376	13257	13254	13333	13312	13292	13345	13329	13315	13330	13416	13355	13329	13326	13348	13326	13342	13376	13335	13315	13323	13339	13351	13353	13353	13322	14219	14189	14217	14230	16025	16007	14307	14140	14306	14309	14065	15095	15588	14461	15072	14030	14327	13991	14493	13998	14383	14584	14032	14469	14050	15125	14694	15772	15503	15891	15852	15794	15901	15744	15961	17037	0	0	0	0	0	0	0	0	0	0	0	0	0	0	0	0	0	0	0	0	0	0	0	0	0	0	0	0	0	0	0	0	2747	411	8191	8191	266	227	246	248	234	253	231	243	231	217	243	243
14464	14473	14483	14606	15273	17400	17417	13354	13385	13393	17442	17425	17428	17419	17412	17405	15238	17357	17378	17392	17327	15196	13359	13348	13369	15186	15169	14901	14277	14193	14251	14259	15850	15844	15827	15775	18475	18371	18282	13940	15385	14006	18288	18284	18296	18278	18267	18339	15595	18372	18360	18474	18329	15554	13987	15362	13993	15777	15766	15766	15892	15752	15742	15844	0	0	0	0	0	0	0	0	0	0	0	0	0	0	0	0	0	0	0	0	0	0	0	0	0	0	0	0	0	0	0	0	1162	983	1308	2693	264	227	246	248	233	253	231	242	231	216	243	243
14253	13565	13536	13546	17825	17852	17863	18208	17909	17904	13604	13531	13542	13708	0	0	20471	0	0	13544	13546	13589	0	0	14095	0	20456	13603	14459	14399	14451	14465	14770	14255	15690	14442	18691	18377	18227	18724	18439	18317	14198	14628	14543	14090	0	0	0	0	0	14535	14684	14203	0	0	14781	0	0	14103	16133	15953	15941	16082	0	0	0	0	0	0	0	0	0	0	0	0	0	0	0	0	0	0	0	0	0	0	0	0	0	0	0	0	0	0	0	0	2310	1040	898	1313	263	227	246	248	233	253	232	242	231	217	243	244
14443	14460	14455	17166	17303	17313	17328	13201	13211	13220	17365	17350	17359	17352	17321	17311	17412	17440	17437	17428	17419	17420	13194	13174	13221	17417	17403	17372	14088	14022	14090	14080	15883	15577	15554	18166	18153	18006	18010	13772	14351	13953	18039	18030	18043	18033	18022	18013	18123	17982	17959	17955	17962	17982	13935	14315	13833	18111	17997	18101	15706	15581	15581	15536	0	0	0	0	0	0	0	0	0	0	0	0	0	0	0	0	0	0	0	0	0	0	0	0	0	0	0	0	0	0	0	0	1154	784	553	1613	263	227	246	248	234	253	232	242	231	216	243	243
14248	14832	14834	17106	19831	19890	19887	19844	13056	13010	13018	19835	19850	19842	19828	19814	17369	17403	0	0	17381	13014	12982	13029	17375	17379	17365	17338	13907	13838	13901	13910	15385	15375	18279	18011	0	0	0	0	13604	14421	13609	0	20267	0	20351	0	17947	17744	0	0	17834	13579	14383	13584	18292	17961	17927	18249	15527	15399	15396	15376	0	0	0	0	0	0	0	0	0	0	0	0	0	0	0	0	0	0	0	0	0	0	0	0	0	0	0	0	0	0	0	0	1417	768	772	1392	263	227	246	248	234	252	231	242	231	217	243	243
14618	14626	16816	17077	19767	19788	19805	17514	12811	12839	19840	19826	19834	19832	0	19810	19736	0	0	0	19726	19739	12821	12780	17162	19723	19710	19675	13697	13630	13694	13705	15224	15196	18039	17678	20334	20324	20310	17812	14121	13445	20155	0	20308	0	19847	20316	20278	0	0	0	20237	20228	13428	14098	17698	20301	20283	20348	15322	15192	15186	15166	0	0	0	0	0	0	0	0	0	0	0	0	0	0	0	0	0	0	0	0	0	0	0	0	0	0	0	0	0	0	0	0	1273	1016	485	1189	263	227	246	248	234	252	231	242	231	216	243	244
14730	14744	14754	17126	17199	17214	13516	12883	17287	12939	12883	12895	17257	0	0	0	17173	17268	0	19830	12899	12879	12907	19850	12898	12917	17143	17095	13808	13724	13796	13801	15383	15306	15277	17778	17772	17746	14225	14245	17803	13521	14482	13598	17742	0	0	0	17827	20317	0	20149	13622	14499	13542	20366	14318	14288	17786	17793	15483	15285	15298	15268	0	0	0	0	0	0	0	0	0	0	0	0	0	0	0	0	0	0	0	0	0	0	0	0	0	0	0	0	0	0	0	0	1959	978	652	1415	263	228	246	249	233	253	232	242	231	217	243	243
14391	14992	17156	17182	17459	17490	17500	17512	13197	13151	13654	20159	20163	0	20159	20143	17518	20093	0	20083	20066	20075	13131	13172	17402	17515	17494	17460	14059	13977	14030	14063	14647	15592	18403	18190	18087	18043	18043	18071	14494	15196	14112	0	0	0	0	0	17758	0	0	0	0	0	15179	14482	18101	18045	18028	18028	15673	15537	15527	15657	0	0	0	0	0	0	0	0	0	0	0	0	0	0	0	0	0	0	0	0	0	0	0	0	0	0	0	0	0	0	0	0	1067	918	732	1289	264	227	246	248	234	253	231	242	231	217	243	244
14670	14674	15052	17491	17495	17516	17510	17514	13473	13422	13428	17689	17518	17696	17501	17481	17607	17619	17621	17613	17600	13410	13389	13431	14957	17465	17436	15279	14303	14244	14318	14307	15903	15889	15878	18333	18223	18208	18219	18505	14050	14573	14015	18220	18249	18227	18227	18225	18295	18169	18141	18146	18155	14015	14604	14034	15571	18351	18291	15826	16018	15808	15806	15897	0	0	0	0	0	0	0	0	0	0	0	0	0	0	0	0	0	0	0	0	0	0	0	0	0	0	0	0	0	0	0	0	1805	753	488	1465	263	228	246	248	233	252	231	242	231	216	244	243
15291	15296	15292	17752	0	0	0	13490	13497	13501	0	0	0	0	0	0	17819	17836	17846	17834	17826	17827	13475	13466	13500	17821	17805	17774	14360	14318	14381	14377	15834	15828	15608	18385	0	0	0	14015	14528	14188	0	0	0	0	0	0	18403	18393	18329	18359	18376	18385	14196	14536	14080	18411	18393	18390	16061	15869	15872	15984	0	0	0	0	0	0	0	0	0	0	0	0	0	0	0	0	0	0	0	0	0	0	0	0	0	0	0	0	0	0	0	0	2796	882	319	1205	263	227	246	248	234	253	231	242	231	216	243	243
13873	13869	13863	13878	13891	13899	13921	13940	13957	12826	12814	13922	13921	13921	13917	13914	13912	13999	14079	14588	13845	12811	12799	13863	13539	13537	13516	13492	13718	13671	13737	13718	15540	15531	15523	15510	15267	15271	15285	15590	15342	14566	13814	15291	15304	15299	15304	15298	15253	15254	15249	15250	15218	13795	14028	15263	15503	15254	15381	15480	15329	15222	15219	17790	0	0	0	0	0	0	0	0	0	0	0	0	0	0	0	0	0	0	0	0	0	0	0	0	0	0	0	0	0	0	0	0	1912	802	464	8191	266	227	245	248	234	253	231	242	230	216	243	243
14697	14706	15253	17586	17616	17689	17776	17799	13500	13467	13523	20433	17786	20448	20421	17787	17838	20426	20421	20405	20389	13517	13442	13473	17714	17845	17828	17801	14366	14301	14362	14359	16201	15913	15897	18486	18430	18429	18416	18739	14304	14514	14045	0	18322	0	0	18292	18368	0	0	0	0	14040	14482	14255	18432	18382	18365	18363	15987	15860	15852	15814	0	0	0	0	0	0	0	0	0	0	0	0	0	0	0	0	0	0	0	0	0	0	0	0	0	0	0	0	0	0	0	0	1271	681	924	1571	263	227	246	249	234	252	231	242	231	217	243	243
14438	14446	14439	14450	13707	13265	13205	13213	13267	13247	13235	14742	13395	13342	13258	13229	13212	13246	13299	13751	13278	13231	13215	13239	13242	13254	13297	13730	14140	14052	14122	14137	15828	15814	15683	15621	14161	13815	14155	14689	14407	15311	14117	15271	14241	14230	13963	14748	14830	13951	14284	14194	14280	14116	15287	14350	14841	14340	14286	14263	17035	16919	15610	15671	0	0	0	0	0	0	0	0	0	0	0	0	0	0	0	0	0	0	0	0	0	0	0	0	0	0	0	0	0	0	0	0	8191	2712	2228	2705	264	227	246	248	233	252	231	242	231	216	243	243
15313	15548	14897	13704	13665	13669	13682	18051	13790	13724	18071	13710	13738	13704	13644	13640	13691	13704	13798	14149	14170	0	14172	14185	14209	13764	13692	13656	14604	14521	14583	14600	16122	16114	16076	14118	14631	14291	14219	19032	14678	14656	18608	14603	14658	14577	15052	14849	14823	15035	14340	14662	14623	0	14595	14684	14751	14741	14343	14710	16217	16078	16082	16063	0	0	0	0	0	0	0	0	0	0	0	0	0	0	0	0	0	0	0	0	0	0	0	0	0	0	0	0	0	0	0	0	1736	988	1053	1269	263	227	246	249	234	253	231	242	231	217	243	243
15420	15429	15425	17586	17860	17874	17886	13623	13636	13634	17923	17907	17918	17910	17907	17900	17848	0	0	0	17838	17851	13606	13598	13652	17826	17813	17776	14518	14432	14515	14507	16345	16045	16032	18722	18492	18452	18457	14118	14658	14440	18475	18468	18484	18468	18457	18446	18431	0	0	0	18238	18366	14405	14660	14199	18444	18420	18443	16269	15988	16018	16062	0	0	0	0	0	0	0	0	0	0	0	0	0	0	0	0	0	0	0	0	0	0	0	0	0	0	0	0	0	0	0	0	1825	947	512	1490	264	228	247	249	234	253	232	242	232	217	243	244
14288	14288	14282	14295	14677	17092	17090	13035	13066	13067	17129	17110	17116	17103	17089	17075	17208	17233	17230	17225	17215	17218	13039	13028	13052	14627	14619	14580	13945	13874	13946	13930	15670	15527	15511	15223	15224	17994	17946	13632	14280	13744	17894	17884	17914	17874	17864	18045	18023	17909	17886	17884	17888	17896	13756	14292	13674	15510	15488	15486	15624	15434	15434	15532	0	0	0	0	0	0	0	0	0	0	0	0	0	0	0	0	0	0	0	0	0	0	0	0	0	0	0	0	0	0	0	0	1725	767	484	2164	264	227	246	248	233	252	231	242	231	217	242	244
14597	15132	15125	17251	17476	17502	17532	17518	17577	17623	17619	17604	17574	17538	17515	17510	17545	17567	17565	17554	17536	17545	17541	17559	15441	17546	17522	17491	14224	14158	14230	14218	16027	16023	15698	18453	18185	18185	18193	18581	18251	18234	18212	18203	18214	18190	18171	18182	18266	18158	18123	18204	18131	18141	18151	18540	15987	18460	18853	18898	15848	15722	15722	15820	0	0	0	0	0	0	0	0	0	0	0	0	0	0	0	0	0	0	0	0	0	0	0	0	0	0	0	0	0	0	0	0	1334	893	488	1717	264	227	246	249	234	253	232	242	231	217	243	243
17031	17131	19844	0	0	0	0	0	12888	12903	0	0	0	0	0	0	0	0	0	0	0	0	12895	12867	0	0	0	0	13777	13698	13753	13786	17700	17678	20397	0	0	0	0	0	14209	13588	0	0	0	0	0	0	0	0	0	0	0	0	13573	14217	0	0	0	0	16484	15262	15254	15246	0	0	0	0	0	0	0	0	0	0	0	0	0	0	0	0	0	0	0	0	0	0	0	0	0	0	0	0	0	0	0	0	1250	904	757	909	263	227	246	248	233	253	232	242	231	216	243	243
14589	14601	14606	17455	17453	17470	17462	17459	13385	13374	17495	17484	17479	17472	17443	17426	17547	17589	17581	17569	17549	17557	13359	13361	14924	17458	17412	17331	14242	14190	14255	14279	15881	15842	15827	18636	18618	18271	18275	18620	14684	14591	18242	18241	18247	18229	18200	18562	18378	18189	18169	18158	18154	18159	14593	14666	15565	18391	18451	18451	15939	15748	15746	15865	0	0	0	0	0	0	0	0	0	0	0	0	0	0	0	0	0	0	0	0	0	0	0	0	0	0	0	0	0	0	0	0	3144	1315	1624	1953	264	228	246	248	234	252	231	242	231	216	243	243
14481	14497	14498	17283	17294	17308	17305	17311	13342	13267	13303	17329	17336	17327	17305	17287	17438	17453	17449	17438	17432	13292	13232	13307	14748	17308	17280	15121	14160	14090	14166	14149	15732	15722	15705	18319	18326	18138	18142	18331	13906	14360	13875	18098	18102	18087	18161	18310	18127	18119	18069	18047	18006	13871	14343	13887	15404	18188	18169	15408	15844	15648	15658	15740	0	0	0	0	0	0	0	0	0	0	0	0	0	0	0	0	0	0	0	0	0	0	0	0	0	0	0	0	0	0	0	0	1570	838	656	1855	263	227	246	249	233	252	232	242	232	216	243	243
15447	15447	17600	17804	17878	17918	17935	17962	13664	13602	13669	0	17965	0	0	0	17858	17890	0	0	17862	13631	13577	13621	17614	17861	17846	17581	14491	14431	14501	14509	16051	16023	18792	18490	18492	18468	18471	18565	14293	14926	14225	0	18453	0	0	0	18560	18468	0	0	18456	14230	14922	14301	18548	18493	18469	18716	16202	15993	15997	15970	0	0	0	0	0	0	0	0	0	0	0	0	0	0	0	0	0	0	0	0	0	0	0	0	0	0	0	0	0	0	0	0	1648	1076	684	1467	262	227	246	248	233	252	231	241	231	216	243	244
14967	14973	17152	17410	17433	17449	17470	13086	13125	13153	0	0	0	0	0	0	17408	0	0	0	19989	20005	13127	13095	13111	17438	17424	17293	14010	13926	13993	14012	15481	15360	18331	18013	18003	17973	17744	14005	14494	13708	0	0	0	0	0	0	18013	0	0	0	0	0	13695	14477	14084	18018	18000	18006	15732	15491	15492	15483	0	0	0	0	0	0	0	0	0	0	0	0	0	0	0	0	0	0	0	0	0	0	0	0	0	0	0	0	0	0	0	0	1525	975	646	1463	263	228	246	248	234	253	231	242	232	217	243	243
14010	14019	14022	14034	14474	14489	14505	14524	12847	12833	16868	16850	14528	16856	16847	16838	16975	17045	17043	17039	16974	16973	16949	16971	14362	16945	16923	14702	13724	13652	13717	13716	15414	15405	15402	15279	15046	15041	15029	15394	13418	13357	17909	17839	15044	17738	17742	17894	17829	17645	17638	17798	17619	17627	17623	13376	15009	17908	17890	15214	15348	15215	15212	15324	0	0	0	0	0	0	0	0	0	0	0	0	0	0	0	0	0	0	0	0	0	0	0	0	0	0	0	0	0	0	0	0	1349	817	699	2077	264	227	246	248	234	253	232	241	232	216	243	243
13515	13516	17210	20050	20074	13026	12991	13006	13059	13043	13022	13047	0	0	0	0	0	0	0	0	13049	13029	13028	13034	13049	13033	13049	19999	13932	13879	13947	13950	13938	13925	18041	0	0	13634	14597	14350	14405	14073	15122	13670	0	0	0	0	0	0	0	0	13653	15133	14050	14405	14431	14666	13698	0	15551	15435	15442	15415	0	0	0	0	0	0	0	0	0	0	0	0	0	0	0	0	0	0	0	0	0	0	0	0	0	0	0	0	0	0	0	0	2250	778	421	1009	263	227	246	248	233	253	231	242	231	216	243	243
15236	15243	15235	17678	17742	20407	20418	18138	13473	13428	13450	0	0	0	0	0	0	0	0	0	0	13448	13413	13451	17717	20364	20355	17741	14307	14260	14315	14335	15790	15791	15768	18544	18278	0	0	18594	14247	14780	14142	0	0	0	0	0	0	0	0	0	0	14138	14774	14225	18379	0	0	18300	15999	15814	15806	15797	0	0	0	0	0	0	0	0	0	0	0	0	0	0	0	0	0	0	0	0	0	0	0	0	0	0	0	0	0	0	0	0	2949	917	796	1134	263	228	246	249	234	253	231	242	231	216	243	244
14894	14903	17061	17352	17374	0	0	13046	13060	13097	0	0	0	0	0	0	19975	0	0	0	19989	19982	13079	13041	13075	19934	19938	19902	13942	13879	13932	13951	15474	15243	18276	17926	17682	0	0	13573	14010	13592	0	0	0	0	0	0	0	0	0	0	20254	0	13560	13985	13645	0	0	0	15562	15441	15426	15419	0	0	0	0	0	0	0	0	0	0	0	0	0	0	0	0	0	0	0	0	0	0	0	0	0	0	0	0	0	0	0	0	1512	765	709	1199	263	227	246	248	233	253	231	242	231	216	243	244
14706	16816	16816	17083	17189	19863	19871	17653	12925	12903	12947	20013	20023	20026	20017	19736	19860	0	0	0	0	12941	12885	12897	17198	19779	0	19742	13800	13730	13798	13806	15234	18197	18180	17855	17718	0	0	18113	13786	13902	13445	20293	0	20323	0	0	20418	0	0	0	0	13462	13847	13779	17845	20443	20430	0	15419	15287	15289	15268	0	0	0	0	0	0	0	0	0	0	0	0	0	0	0	0	0	0	0	0	0	0	0	0	0	0	0	0	0	0	0	0	1685	866	977	1198	263	227	246	249	234	253	231	242	231	216	242	243
14093	14094	14097	14107	14109	14251	14236	14244	13066	13004	13010	14226	14210	14662	14658	14209	14560	14568	14569	14543	14535	13006	12974	13041	14527	14543	14528	14505	13892	13833	13899	13882	15640	15643	15634	15599	15502	15441	15552	15599	13622	14375	13941	15489	15481	15479	15490	15484	15123	15100	15002	15119	15090	13943	14320	13615	15289	15446	15432	15425	15525	15397	15388	15478	0	0	0	0	0	0	0	0	0	0	0	0	0	0	0	0	0	0	0	0	0	0	0	0	0	0	0	0	0	0	0	0	1503	758	997	3490	265	227	246	249	234	253	232	242	231	217	243	243
14378	14394	14763	17193	17199	17207	17208	13137	13156	13161	17243	17225	17227	17221	17205	17186	17295	17317	17312	17294	17289	17291	13133	13122	13151	14721	14717	14689	14037	13953	14034	14033	15760	15612	15605	18091	18041	17949	17981	13666	14188	13766	17955	17947	17963	17950	17935	18093	18045	18015	17998	17990	17990	18003	13746	14188	13732	15417	15555	15577	15657	15512	15532	15616	0	0	0	0	0	0	0	0	0	0	0	0	0	0	0	0	0	0	0	0	0	0	0	0	0	0	0	0	0	0	0	0	993	935	675	1832	263	227	246	249	234	253	231	242	231	217	243	243
17401	19920	19923	0	0	0	0	0	13177	13118	0	0	0	0	0	0	0	0	0	0	0	0	13093	13146	19997	0	0	20008	13995	13940	13995	14014	18174	0	0	0	0	0	0	0	13766	14249	0	0	0	0	0	0	0	0	0	0	0	0	14280	13788	0	0	0	0	15688	15502	15490	15478	0	0	0	0	0	0	0	0	0	0	0	0	0	0	0	0	0	0	0	0	0	0	0	0	0	0	0	0	0	0	0	0	2116	771	1029	953	264	227	246	248	234	253	231	242	232	216	243	243
17800	17874	0	0	0	0	0	0	13627	13609	0	0	0	0	0	0	0	0	0	0	0	0	13593	13604	0	0	0	0	14507	14444	14487	14524	18866	18407	0	0	0	0	0	0	14780	14762	0	0	0	0	0	0	0	0	0	0	0	0	14766	14786	0	0	0	0	16125	16007	15994	15982	0	0	0	0	0	0	0	0	0	0	0	0	0	0	0	0	0	0	0	0	0	0	0	0	0	0	0	0	0	0	0	0	1343	757	868	731	263	227	246	248	234	253	231	242	231	216	243	244
14331	14885	14875	17106	17161	17293	17315	17363	13071	13320	17332	17319	17313	17304	17297	17283	17228	0	20189	17236	17221	17228	13283	13029	17089	17209	17200	17167	13957	13867	13953	13946	15740	15446	15399	18063	18079	17847	17847	18134	14138	13814	17815	17839	17862	17844	17829	17825	17783	0	0	17734	17738	17760	13815	14151	18578	17857	17776	18243	15570	15424	15460	15412	0	0	0	0	0	0	0	0	0	0	0	0	0	0	0	0	0	0	0	0	0	0	0	0	0	0	0	0	0	0	0	0	1177	1252	512	1472	263	227	246	248	234	253	231	242	231	216	243	244
14167	14180	14185	16899	16967	16986	16983	16941	17033	12957	13029	17011	17019	17013	17019	17002	17229	0	0	17228	17212	13045	12936	17221	17095	17196	17156	17109	13836	13834	13866	13847	15683	15682	15669	18307	18305	18039	18067	18288	18111	14151	13592	18083	18186	18063	18175	18329	17786	0	0	17542	17732	13564	14145	17768	17968	17796	17792	18253	15459	15394	15360	15428	0	0	0	0	0	0	0	0	0	0	0	0	0	0	0	0	0	0	0	0	0	0	0	0	0	0	0	0	0	0	0	0	2283	351	557	1863	263	227	245	248	234	252	231	242	231	216	242	243
14794	17043	17070	19827	19910	19938	19950	0	13030	12935	12999	0	0	0	0	0	17260	19879	19890	19870	19844	12963	12919	12971	17149	17260	17260	17221	13820	13773	13823	13850	15304	18033	17985	20468	20468	20416	0	0	13638	14613	13557	0	0	0	0	0	17831	20426	20314	20397	20432	13571	14632	13650	17896	17846	17821	17821	15478	15333	15321	15308	0	0	0	0	0	0	0	0	0	0	0	0	0	0	0	0	0	0	0	0	0	0	0	0	0	0	0	0	0	0	0	0	2947	729	758	1087	263	227	246	248	234	253	232	242	231	217	243	243
14171	14753	16816	16991	17103	12945	12857	12873	12971	12906	12904	0	17169	0	17163	17161	17053	17074	17067	17057	17055	12883	12874	12921	12905	12882	12938	16891	13802	13725	13796	13802	15402	15283	17978	17732	17738	13483	14036	13727	13507	14002	13778	0	17650	0	17627	17468	17721	17643	17628	17636	17636	13770	15002	13477	13821	14131	13572	17945	15434	15283	15289	15383	0	0	0	0	0	0	0	0	0	0	0	0	0	0	0	0	0	0	0	0	0	0	0	0	0	0	0	0	0	0	0	0	1385	947	427	1471	264	228	246	248	234	253	232	242	231	217	243	243
14779	14802	14808	14831	15265	15291	15302	15305	13625	15362	15346	15330	15351	15344	15342	15325	17823	17872	17890	17852	17816	17808	17792	13600	15228	17789	17770	17589	14495	14441	14521	14508	16295	16214	16212	16184	16175	16164	16175	16215	14311	15887	15854	16132	15869	15856	15735	16149	18667	18464	18432	18705	18447	18453	18639	14266	15832	18759	18752	18739	16173	16003	16019	16086	0	0	0	0	0	0	0	0	0	0	0	0	0	0	0	0	0	0	0	0	0	0	0	0	0	0	0	0	0	0	0	0	2192	1070	693	2434	264	227	246	248	233	252	231	241	231	216	243	243
13975	13975	13969	13983	13995	14011	14023	12941	12943	12932	14010	14040	14018	14044	14055	14048	13963	13979	14200	13939	13931	13937	12904	12908	12966	13631	13608	13584	13833	13754	13829	13810	15634	15627	15615	15385	15362	15357	15368	13459	14963	14710	15402	15384	15398	15392	15392	15384	15348	15358	15348	15351	15325	15340	15302	14796	13519	15551	15551	15564	15446	15305	15319	15379	0	0	0	0	0	0	0	0	0	0	0	0	0	0	0	0	0	0	0	0	0	0	0	0	0	0	0	0	0	0	0	0	1226	942	517	8191	267	228	246	248	234	253	231	242	231	217	244	243
14231	14237	14239	14267	14720	14731	14747	14766	13075	13043	13062	17091	17102	17094	17087	17074	17287	17309	17308	17294	17279	13080	13034	13070	14673	17282	17263	17214	13939	13879	13920	13949	15675	15652	15630	15436	15267	15246	15132	15630	14017	14505	13617	18178	18067	17985	18030	18380	17967	17894	17874	17868	17870	13604	14280	13999	15222	18081	18177	18169	15627	15466	15415	15515	0	0	0	0	0	0	0	0	0	0	0	0	0	0	0	0	0	0	0	0	0	0	0	0	0	0	0	0	0	0	0	0	1617	853	2242	2176	264	227	246	249	234	253	231	242	231	217	242	243
14747	14760	14780	17542	17688	17708	17723	17764	13573	13527	13606	17769	17780	17774	13558	13530	13485	13523	0	17746	17738	17734	13511	13553	15700	17702	17687	17654	14431	14370	14413	14441	16260	16228	15947	18780	18608	18605	18613	18637	14595	15306	14482	18630	18637	18603	14209	15978	15971	14151	0	18260	18275	18275	15291	14571	16221	18309	18295	19059	16056	15934	15913	16030	0	0	0	0	0	0	0	0	0	0	0	0	0	0	0	0	0	0	0	0	0	0	0	0	0	0	0	0	0	0	0	0	1455	746	1181	1625	264	227	247	248	233	252	231	242	231	217	243	243
14218	16868	16860	17141	17158	17176	17193	17212	12990	12933	12951	17221	17212	17203	17195	17184	17108	17120	17116	17106	17089	12915	12891	12933	15053	17092	17075	16802	13827	13740	13827	13814	14662	18242	18034	17782	17790	17772	17769	17778	13613	14898	13650	17780	17794	17776	17756	17757	17792	17766	17715	17711	17723	14304	14925	13582	15677	17802	18449	18465	15442	15298	15327	15394	0	0	0	0	0	0	0	0	0	0	0	0	0	0	0	0	0	0	0	0	0	0	0	0	0	0	0	0	0	0	0	0	1184	1387	484	1603	264	228	246	249	234	253	232	242	231	217	243	243
14742	14744	17414	17723	17787	17802	17814	17827	13525	13517	17858	17840	17860	17855	17856	17842	17764	20457	0	0	17766	17776	13497	13496	13558	17770	17755	17711	14406	14325	14410	14406	15960	15859	18870	18479	18429	18370	18376	18479	14838	14415	18385	18373	18383	18335	18306	18325	18381	0	0	0	18305	18317	14666	14814	14060	18363	18347	18623	16086	15877	15915	15875	0	0	0	0	0	0	0	0	0	0	0	0	0	0	0	0	0	0	0	0	0	0	0	0	0	0	0	0	0	0	0	0	1487	1440	352	1357	263	227	246	249	234	253	231	242	232	216	244	243
14655	15227	17338	17611	17653	17661	17678	17708	13454	13412	13408	17704	17704	17698	17695	17690	17630	17642	0	17631	17606	13398	13385	13420	15593	17591	17575	17540	14309	14228	14299	14316	16084	15824	18716	18341	18245	18247	18247	18548	14049	15541	14105	18262	18275	18263	18253	18249	18214	18205	0	18153	18179	14133	15621	14042	16153	18219	18203	18976	15927	15792	15794	15916	0	0	0	0	0	0	0	0	0	0	0	0	0	0	0	0	0	0	0	0	0	0	0	0	0	0	0	0	0	0	0	0	925	864	676	1412	264	227	246	248	234	253	232	242	231	217	243	243
14874	14887	14890	15299	17709	17715	17715	17715	13694	13646	13657	0	17732	17727	17707	17680	17811	17856	17848	17834	17820	13636	13613	13656	15168	17714	17692	15541	14545	14456	14532	14538	16142	16134	16119	15575	18571	18538	18540	18882	14268	14707	14229	18501	18508	18492	18484	18595	18524	18412	18383	18387	18397	14227	14698	14252	15828	18665	18716	15790	16162	16021	16035	16129	0	0	0	0	0	0	0	0	0	0	0	0	0	0	0	0	0	0	0	0	0	0	0	0	0	0	0	0	0	0	0	0	1220	932	599	1811	263	227	246	248	234	253	232	242	232	217	243	243
14643	14639	14633	14649	17495	14674	14689	14703	13650	13598	13626	14697	17489	14702	14696	14693	14619	14775	15357	15097	14603	13623	13567	13625	14303	14294	14279	14251	14491	14441	14505	14481	16295	16291	16277	16248	16031	16021	16072	16078	14225	14574	14143	16050	16057	16050	16051	16047	16005	16015	16019	16015	15971	14120	14524	14204	16258	16015	16053	16229	16114	15988	15985	16033	0	0	0	0	0	0	0	0	0	0	0	0	0	0	0	0	0	0	0	0	0	0	0	0	0	0	0	0	0	0	0	0	1485	736	433	8191	267	228	246	248	234	252	231	242	231	216	243	243
14814	17225	17257	0	0	0	0	0	13011	12990	0	0	0	0	0	0	0	0	0	0	0	0	12978	12994	20157	0	0	0	13879	13834	13883	13904	15331	17823	17800	0	0	0	0	0	13802	13853	0	0	0	0	0	0	0	0	0	0	0	0	13802	13758	0	0	0	0	15546	15388	15376	15367	0	0	0	0	0	0	0	0	0	0	0	0	0	0	0	0	0	0	0	0	0	0	0	0	0	0	0	0	0	0	0	0	2749	881	592	876	263	227	246	248	234	253	231	242	231	216	243	243
14643	14754	15196	17460	17645	17666	17682	17703	13420	13398	20456	20444	17718	20441	20284	17717	17795	0	0	0	20358	20367	13381	13399	17782	20361	20346	17756	14312	14217	14283	14305	15873	15052	15846	18685	18430	18349	18343	18684	14253	14291	0	0	18243	0	0	18063	18303	0	0	0	0	0	14261	14196	18386	0	0	18322	15927	15772	15780	15844	0	0	0	0	0	0	0	0	0	0	0	0	0	0	0	0	0	0	0	0	0	0	0	0	0	0	0	0	0	0	0	0	979	846	621	1367	263	227	246	248	234	253	232	241	231	216	243	243
14417	14426	14425	15047	15074	17244	15099	15097	13248	13220	13258	17275	17283	17273	17261	17251	17344	17367	17353	17333	17205	13237	13195	13213	14686	14741	15003	14718	14088	14041	14107	14107	15667	15663	15650	15619	15583	18376	15527	15628	14842	14993	13786	18290	18284	18122	18325	18439	18252	18223	18215	18220	18197	13798	14980	14837	15314	15584	15560	15577	16976	15602	15608	15687	0	0	0	0	0	0	0	0	0	0	0	0	0	0	0	0	0	0	0	0	0	0	0	0	0	0	0	0	0	0	0	0	2759	1132	995	2444	264	228	246	249	234	253	231	243	231	216	243	243
14320	14331	14883	17135	17214	17286	17312	17329	13129	13054	13112	17347	17335	17373	17328	17323	17232	17272	17261	17247	17240	13089	13016	13093	17145	17243	17225	17042	13949	13880	13953	13942	15548	15533	15357	17880	17891	17886	17890	17906	13711	14199	13682	17900	17914	0	17839	17882	17862	17856	17838	17989	17836	13683	14241	13700	18642	18515	18393	18560	15573	15445	15447	15408	0	0	0	0	0	0	0	0	0	0	0	0	0	0	0	0	0	0	0	0	0	0	0	0	0	0	0	0	0	0	0	0	1746	820	445	1540	264	227	246	248	234	253	232	242	231	215	243	243
14461	14478	14478	14939	17302	17315	17313	13269	13279	13296	17344	17323	17319	17317	17299	17287	17392	17477	17472	17463	17428	17417	13273	13236	13298	17350	17335	17319	14154	14085	14160	14149	15850	15740	15730	18296	18170	18145	18145	13794	14297	13943	18127	18126	18128	18083	18097	18102	18103	18047	18034	18031	18031	18043	13951	14309	13861	18073	18287	18321	15776	15650	15650	15606	0	0	0	0	0	0	0	0	0	0	0	0	0	0	0	0	0	0	0	0	0	0	0	0	0	0	0	0	0	0	0	0	1484	965	521	1711	264	228	246	248	233	253	231	242	231	216	243	243
14555	14554	14551	14570	14581	14605	14707	14711	13544	13500	13493	14977	14706	15381	15368	14707	15288	15311	15298	15287	15273	13473	13465	13502	14508	14534	14734	14501	14394	14328	14388	14381	16205	16203	15953	15930	15923	15914	15923	15933	14151	14690	14101	15949	15957	15946	15942	15941	15877	15883	15873	15865	15854	14095	14712	14135	15120	15901	15888	15887	16053	15966	15871	17157	0	0	0	0	0	0	0	0	0	0	0	0	0	0	0	0	0	0	0	0	0	0	0	0	0	0	0	0	0	0	0	0	1439	910	952	3662	266	228	246	249	234	253	232	242	231	216	243	244
15246	17589	17965	20217	0	0	0	0	0	13389	0	0	0	0	0	0	20463	0	0	0	20460	20463	13367	0	20109	20453	20434	20395	14286	14234	14295	14301	15674	18696	18409	0	0	0	0	0	0	14331	0	0	0	0	0	0	0	0	0	0	0	0	14329	0	0	0	0	0	15900	15790	15782	15904	0	0	0	0	0	0	0	0	0	0	0	0	0	0	0	0	0	0	0	0	0	0	0	0	0	0	0	0	0	0	0	0	1988	837	479	1141	263	227	246	248	234	252	231	242	231	217	243	243
14878	15283	15288	17719	17723	17742	17736	17746	13696	13638	13854	17915	17760	17761	17734	17709	17799	17836	17830	17823	17808	13802	13599	13638	15143	15539	15516	15478	14534	14446	14549	14520	16157	16134	16115	18597	18462	18456	18459	18858	14464	14841	18475	18470	18487	18473	18461	18459	18558	18558	18487	18586	18508	14327	14839	14514	15889	16013	16049	16065	16157	16056	16053	16114	0	0	0	0	0	0	0	0	0	0	0	0	0	0	0	0	0	0	0	0	0	0	0	0	0	0	0	0	0	0	0	0	1252	951	61	1716	264	228	246	248	234	252	231	242	231	217	243	243
14450	14461	14469	14895	14902	17252	17261	13246	13269	13267	17299	17276	17287	17282	17268	17258	14837	17376	17316	17298	17307	17312	13233	13229	13263	14832	15029	14797	14147	14085	14148	14130	15838	15744	15732	15496	15437	18308	18313	13794	14348	13943	18176	18172	18179	18134	18134	18180	15106	18347	18347	18331	18325	18325	13971	14347	13853	15714	15693	15687	15856	15644	15633	15724	0	0	0	0	0	0	0	0	0	0	0	0	0	0	0	0	0	0	0	0	0	0	0	0	0	0	0	0	0	0	0	0	1440	714	534	2371	264	227	246	248	234	252	232	242	231	217	243	243
14319	14336	14901	17283	17352	17361	17379	17397	13129	13079	13096	17411	17425	20046	17419	17405	19995	20017	0	20007	19981	13090	13051	13109	17250	17410	17393	17343	13971	13898	13965	13974	15538	14715	15216	18049	18023	17994	17955	18033	13690	14401	13661	17874	17894	0	17691	17757	0	20404	0	0	0	13660	14365	13676	17965	17676	0	17919	15592	15453	15457	15555	0	0	0	0	0	0	0	0	0	0	0	0	0	0	0	0	0	0	0	0	0	0	0	0	0	0	0	0	0	0	0	0	1128	904	641	1397	263	227	246	248	234	253	232	242	232	217	242	243
14487	15055	15056	17365	17405	17443	17489	17530	13239	17545	0	17537	17479	0	17455	17442	17422	17460	17483	17453	17422	17431	13943	13197	17309	17403	17388	17354	14107	14041	14104	14109	15842	15610	15579	18057	18061	18055	18057	18063	13736	18101	0	0	18073	0	17997	17860	18178	18023	17902	17997	18007	18014	14454	13766	18634	18163	18051	18444	15867	15600	15594	15677	0	0	0	0	0	0	0	0	0	0	0	0	0	0	0	0	0	0	0	0	0	0	0	0	0	0	0	0	0	0	0	0	1371	741	477	1619	263	227	246	248	234	252	231	242	230	216	243	243
14812	14816	17085	17320	17438	17455	17466	13168	13174	13211	17512	0	17491	0	0	0	17365	17399	17395	17385	17372	17383	13172	13140	13175	17346	17345	17287	14061	13975	14044	14061	15667	15647	18184	17991	17995	17977	17986	13843	14481	13829	0	0	17986	0	0	0	17981	17961	17939	17933	17943	17955	13859	14483	13928	17981	18041	18242	15671	15531	15537	15658	0	0	0	0	0	0	0	0	0	0	0	0	0	0	0	0	0	0	0	0	0	0	0	0	0	0	0	0	0	0	0	0	1162	1036	460	1486	262	226	245	247	233	252	231	241	230	215	242	242
13991	13997	14591	16763	16823	16851	16858	12742	12791	12787	17117	17110	16872	16870	16858	12907	12932	0	0	0	19641	19642	12771	12752	12770	17073	17043	16967	13668	13588	13679	13665	15241	15191	15107	17760	17750	17715	17703	13617	15216	13433	17653	17638	17666	17649	17638	13644	13679	0	0	0	20164	20215	13416	15203	13716	17654	17652	17651	15335	15148	15178	15272	0	0	0	0	0	0	0	0	0	0	0	0	0	0	0	0	0	0	0	0	0	0	0	0	0	0	0	0	0	0	0	0	2550	1827	561	1572	264	227	246	248	234	252	231	242	230	216	243	243
14835	14842	14842	15470	15490	17721	17718	15505	13658	13638	17768	17750	17750	17742	17718	17654	17768	17820	0	0	17792	13674	13612	13625	15120	17657	17646	15132	14532	14451	14538	14524	16184	16063	16055	16037	15934	19108	18748	16037	15207	14595	19154	19158	18525	18513	19158	19154	18605	18331	0	0	18364	14075	14559	15173	15700	19094	19081	15955	16152	17316	16038	16133	0	0	0	0	0	0	0	0	0	0	0	0	0	0	0	0	0	0	0	0	0	0	0	0	0	0	0	0	0	0	0	0	1472	2958	711	2101	264	227	246	249	233	252	231	241	231	216	243	243
14775	14784	14784	17240	19924	0	0	17666	12960	0	0	0	0	0	0	0	17312	0	0	0	0	0	19870	12932	17228	17310	19834	17265	13839	13773	13833	13842	15330	15326	15283	17848	20351	0	0	18107	13445	0	0	0	0	0	0	0	17734	0	0	0	0	0	0	13285	17898	20431	20421	17812	15539	15333	15327	15312	0	0	0	0	0	0	0	0	0	0	0	0	0	0	0	0	0	0	0	0	0	0	0	0	0	0	0	0	0	0	0	0	1356	791	581	1216	263	227	246	248	234	253	231	242	231	217	243	243
14138	14136	14698	17007	17083	17114	17127	12870	12894	12898	17167	17150	17158	17147	17139	17135	17091	17104	17098	17089	17078	17077	12871	12865	12893	17065	17055	17021	13762	13736	13788	13780	15263	15259	15216	17937	17715	17707	17711	13433	14457	13498	17734	17724	17738	17723	17713	17713	17711	17661	17628	17642	17638	17656	13481	14444	13491	17786	17694	18427	15376	15289	15279	15379	0	0	0	0	0	0	0	0	0	0	0	0	0	0	0	0	0	0	0	0	0	0	0	0	0	0	0	0	0	0	0	0	2011	369	429	1378	263	227	245	248	233	253	231	242	230	217	243	243
14097	14108	14118	14577	16903	17016	17024	14930	12914	12917	17071	17047	16965	16954	16941	16928	17138	17160	17158	17147	17131	17135	12907	12885	14515	17138	17122	17091	13794	13722	13800	13789	15466	15457	15435	15046	18221	18138	17945	15460	13926	13536	17831	18039	17812	17786	18091	18225	17779	17708	17647	17682	17691	17705	13516	13882	15029	17733	17812	18024	15415	15277	15293	15367	0	0	0	0	0	0	0	0	0	0	0	0	0	0	0	0	0	0	0	0	0	0	0	0	0	0	0	0	0	0	0	0	1244	795	406	2110	263	227	246	248	234	253	231	242	231	216	243	243
15331	17466	17570	17754	20381	20424	20448	13517	13506	13485	13527	20479	0	0	0	20464	20459	0	0	0	0	13519	13469	13483	13545	17870	17860	17829	14386	14313	14377	14391	15878	18818	18676	18453	0	0	0	14054	14610	14787	14094	0	0	0	0	0	0	0	0	0	0	14093	14778	14590	14113	18326	18165	18382	16006	15868	15872	15858	0	0	0	0	0	0	0	0	0	0	0	0	0	0	0	0	0	0	0	0	0	0	0	0	0	0	0	0	0	0	0	0	1561	1027	703	1156	263	227	246	248	234	253	231	242	231	216	243	243
14079	14086	14450	16734	16901	17039	17047	12794	12814	12810	17091	17078	0	17081	17074	16880	16981	17013	17011	17003	16977	16984	12778	12774	12812	16968	16956	16922	13692	13622	13698	13688	15302	15279	15199	17704	17630	17625	17630	13280	13923	13462	17645	17638	17645	17632	17619	17623	17584	17563	17533	17534	17549	17561	13540	13932	13504	17587	17569	17571	15317	15184	15190	15268	0	0	0	0	0	0	0	0	0	0	0	0	0	0	0	0	0	0	0	0	0	0	0	0	0	0	0	0	0	0	0	0	1282	845	428	1532	263	227	246	248	233	253	231	242	231	216	243	243
14318	14333	14340	14361	14804	14814	14826	14834	13151	13394	14867	14851	14874	14867	14862	14845	17385	17410	0	17394	17375	17375	13398	13127	14740	17391	17370	17335	14048	13963	14023	14042	15822	15778	15755	15683	15458	15369	15499	15808	14217	14006	15369	15380	15389	15347	15317	15371	18081	18061	0	17942	18028	18031	13971	14196	15355	18049	18057	18437	15660	15550	15521	15602	0	0	0	0	0	0	0	0	0	0	0	0	0	0	0	0	0	0	0	0	0	0	0	0	0	0	0	0	0	0	0	0	1443	1120	1466	2441	264	227	246	248	234	252	231	242	231	216	243	243
14871	14877	14874	17179	17214	17252	17317	13037	13060	13074	17361	17352	17361	17363	17350	17348	17281	0	0	19926	19920	19930	13055	13028	13062	17272	17256	17224	13941	13871	13945	13938	15449	15443	15422	18011	17913	17898	17894	13650	14268	13702	17911	17902	17915	17902	17891	17884	17975	0	0	0	20460	20469	13690	14201	13714	17858	17845	17905	15558	15430	15437	15393	0	0	0	0	0	0	0	0	0	0	0	0	0	0	0	0	0	0	0	0	0	0	0	0	0	0	0	0	0	0	0	0	1414	795	355	1450	263	227	246	248	233	252	231	241	231	215	243	243
15243	15251	17512	17652	20253	20371	20384	18238	13436	13397	13394	0	20419	0	0	20401	0	0	0	0	0	13409	13389	13430	17755	20399	20396	20325	14290	14250	14286	14324	15774	15726	18766	18418	0	0	0	18768	14119	15011	14103	0	0	0	0	0	0	0	0	0	0	14098	14931	14086	18351	0	0	0	15973	15808	15786	15775	0	0	0	0	0	0	0	0	0	0	0	0	0	0	0	0	0	0	0	0	0	0	0	0	0	0	0	0	0	0	0	0	3577	780	1058	1072	263	227	246	248	233	252	231	241	231	216	243	243
15250	15255	15260	17666	17696	20422	20432	18131	13448	13426	13437	20456	20460	0	20451	20441	20391	0	0	0	0	13442	13406	13424	17786	20366	20350	20318	14328	14254	14314	14341	15886	15865	15768	18639	18311	0	0	18605	14674	14930	14086	0	0	0	0	0	0	0	0	0	0	14093	14930	14569	18363	0	0	0	15940	15809	15806	15924	0	0	0	0	0	0	0	0	0	0	0	0	0	0	0	0	0	0	0	0	0	0	0	0	0	0	0	0	0	0	0	0	1299	1116	561	1429	263	227	246	248	233	253	231	242	231	216	243	243
13086	13083	13096	13105	13096	13092	13093	13107	13149	13149	13151	13122	13129	13129	13100	13077	13114	13111	13097	13088	13086	13095	13100	13114	13120	13107	13098	13076	14073	13933	14028	14029	15850	15844	15838	15812	15870	15734	15777	15694	15775	15758	15717	15700	15922	15690	15704	15750	16173	15728	15692	16173	15732	15742	15747	15772	15804	15802	15761	16153	15748	15944	15539	15581	0	0	0	0	0	0	0	0	0	0	0	0	0	0	0	0	0	0	0	0	0	0	0	0	0	0	0	0	0	0	0	0	1371	2400	1658	8191	266	228	246	248	233	253	231	242	231	216	243	243
14260	14271	14276	14289	14710	14723	17092	15112	14798	13073	17124	17103	17116	17108	17099	17089	14643	17270	17277	17247	17217	17074	13043	17086	14573	14642	14637	14604	13967	13896	13951	13958	15663	15555	15548	15476	15281	15264	18148	15637	15298	13660	18182	18174	18172	17982	18157	18163	15159	18286	18273	18278	18252	18279	13638	18305	15297	15539	15524	15517	15596	15459	15442	15529	0	0	0	0	0	0	0	0	0	0	0	0	0	0	0	0	0	0	0	0	0	0	0	0	0	0	0	0	0	0	0	0	1347	764	1899	2683	264	227	246	248	233	253	231	242	231	216	243	243
14750	15311	15311	17723	17778	17794	17802	13498	13500	13482	17847	17836	17844	20463	17840	17831	17776	0	0	0	0	0	13454	13465	13516	17777	17780	17735	14381	14304	14377	14381	15878	15866	15838	18651	18521	18323	18323	13932	14450	14323	18308	18253	18326	0	18206	18327	18307	0	0	0	0	0	14293	14419	14059	18349	18321	18337	15997	15856	15875	15844	0	0	0	0	0	0	0	0	0	0	0	0	0	0	0	0	0	0	0	0	0	0	0	0	0	0	0	0	0	0	0	0	1471	941	370	1199	263	227	246	248	234	252	231	242	231	216	243	243
17416	17435	17483	20429	20453	20462	0	0	13448	13454	0	0	0	0	0	0	20421	0	0	0	20439	20431	13436	13416	20347	20415	20400	20370	14328	14244	14319	14345	18670	18519	18459	0	0	0	0	0	14301	13989	0	0	0	0	0	0	0	0	0	0	0	0	13971	14280	0	0	0	0	15952	15804	15821	15829	0	0	0	0	0	0	0	0	0	0	0	0	0	0	0	0	0	0	0	0	0	0	0	0	0	0	0	0	0	0	0	0	1146	1117	495	1043	262	227	246	248	233	252	231	242	231	216	242	243
14007	14571	14574	16941	17015	17108	17127	17130	12794	12782	19756	19742	19751	19751	19738	19729	17090	19684	19680	19667	19642	19646	12760	12756	16974	17104	17096	17053	13667	13595	13668	13672	15213	15162	15043	17717	17631	17593	20279	17615	13774	13627	20284	20282	20293	20278	20273	20271	17627	20202	20128	20193	20199	20209	13561	13739	17709	17662	17641	17644	15293	15161	15166	15135	0	0	0	0	0	0	0	0	0	0	0	0	0	0	0	0	0	0	0	0	0	0	0	0	0	0	0	0	0	0	0	0	1185	824	672	1405	263	227	246	248	234	252	231	242	230	216	242	243
15239	15245	17619	20384	20410	0	0	0	13422	13402	0	0	0	0	0	0	20351	20369	20369	20353	20343	20354	13383	13394	17651	20335	20327	20301	14292	14218	14290	14309	15756	15633	18271	0	0	0	0	0	14481	14472	0	0	0	0	0	0	0	0	0	0	0	0	14494	14501	18311	0	0	0	15909	15777	15784	15770	0	0	0	0	0	0	0	0	0	0	0	0	0	0	0	0	0	0	0	0	0	0	0	0	0	0	0	0	0	0	0	0	1551	1419	503	953	263	227	246	248	234	252	232	242	231	216	243	243
16975	17004	17029	17272	17307	19935	19948	13024	13000	13166	0	0	0	0	0	0	17258	19914	19910	19906	19886	17307	13134	12971	13053	17268	17249	17209	13866	13798	13861	13876	18368	18238	18184	17856	17779	20446	20408	13905	14300	13720	0	0	0	0	0	19991	17855	20424	20344	20336	20426	17727	13719	14302	14016	17864	17842	17840	15488	15357	15350	15473	0	0	0	0	0	0	0	0	0	0	0	0	0	0	0	0	0	0	0	0	0	0	0	0	0	0	0	0	0	0	0	0	1613	1018	577	1307	263	227	246	248	233	252	231	242	231	217	243	243
14333	14333	14325	17137	17150	17184	13116	13056	13103	13094	19977	19963	19977	19969	19959	17973	0	0	0	0	0	0	13077	13077	13098	20149	19892	19860	13991	13907	13985	13993	15704	15565	14798	18441	18450	18444	13644	13959	14740	14086	0	0	0	0	0	18378	0	0	0	0	0	0	14007	14658	14068	0	0	0	15604	15484	15478	15596	0	0	0	0	0	0	0	0	0	0	0	0	0	0	0	0	0	0	0	0	0	0	0	0	0	0	0	0	0	0	0	0	1157	1078	622	1433	263	227	246	248	233	252	231	242	231	216	243	243
15453	15458	15452	0	0	0	0	0	13691	13619	13646	0	0	0	0	0	0	0	0	0	0	13656	13606	13680	0	0	0	0	14513	14461	14509	14534	16011	16007	15959	0	0	0	0	0	14231	16171	14209	0	0	0	0	0	0	0	0	0	0	14215	16142	14207	0	0	0	0	16196	16017	16003	16085	0	0	0	0	0	0	0	0	0	0	0	0	0	0	0	0	0	0	0	0	0	0	0	0	0	0	0	0	0	0	0	0	1925	806	1096	1067	262	227	246	248	233	253	231	242	231	216	243	243
14814	14835	15368	17616	17704	17742	17760	17796	13567	13573	17816	17794	17802	17794	17638	17625	17694	17719	17719	17700	17688	17690	13546	13546	13590	17568	17546	17521	14429	14386	14446	14451	16007	15982	15950	18494	18378	18367	18364	18462	15321	14662	18359	18359	18389	18374	18359	18356	18550	18368	18300	18519	18305	18333	14650	15317	13846	18376	19017	19044	16136	15944	15939	16067	0	0	0	0	0	0	0	0	0	0	0	0	0	0	0	0	0	0	0	0	0	0	0	0	0	0	0	0	0	0	0	0	3988	970	670	1827	264	228	246	248	233	252	232	242	231	216	243	243
15461	15468	15479	0	0	0	0	14959	13636	0	0	0	0	0	0	0	0	0	0	0	0	0	0	13625	15044	0	0	0	14530	14455	14517	14535	15991	15985	18443	0	0	0	0	15625	14313	0	0	0	0	0	0	0	0	0	0	0	0	0	0	14237	15642	0	0	0	16214	16017	16013	16001	0	0	0	0	0	0	0	0	0	0	0	0	0	0	0	0	0	0	0	0	0	0	0	0	0	0	0	0	0	0	0	0	1472	792	782	898	263	227	246	249	233	252	231	242	231	216	243	244
14535	15072	15070	17332	17363	17502	17526	17557	13307	13258	13254	17534	17542	17540	17538	17526	17464	20109	20109	20091	20081	13237	13223	13267	17310	17462	17451	17418	14154	14071	14152	14147	15648	15638	15625	18203	18138	18102	18114	18150	14001	14637	14109	18106	18110	18091	18063	18075	18179	0	20451	0	0	14136	14637	13995	18233	18196	18175	18169	15768	15629	15646	15610	0	0	0	0	0	0	0	0	0	0	0	0	0	0	0	0	0	0	0	0	0	0	0	0	0	0	0	0	0	0	0	0	1456	850	388	1531	263	228	245	248	233	253	231	241	231	216	242	243
14632	15197	15199	17554	17762	20344	20358	17788	13418	13383	20404	20384	20397	20387	20385	20367	17730	0	0	0	0	17742	13359	13391	17676	17736	17721	17688	14281	14221	14281	14294	15818	15725	15632	18318	18234	0	0	18281	14610	14728	0	0	0	0	0	0	18292	0	0	0	0	18209	14716	14620	18344	18311	18285	18284	16033	15782	15772	15752	0	0	0	0	0	0	0	0	0	0	0	0	0	0	0	0	0	0	0	0	0	0	0	0	0	0	0	0	0	0	0	0	1544	823	724	1227	263	227	246	249	233	252	232	241	231	216	243	243
13995	14011	14659	16738	17004	17024	17031	16772	17099	17089	17071	17059	17069	17063	17056	17050	17009	0	0	17031	17003	17004	16998	17017	14944	16976	16963	16923	13716	13609	13690	13689	15513	15222	15201	18049	17757	17694	17756	17917	17702	17669	17652	17640	17652	17634	17623	17862	17570	0	0	0	17516	17540	17542	17552	15512	17580	17559	17562	15331	15177	15196	15155	0	0	0	0	0	0	0	0	0	0	0	0	0	0	0	0	0	0	0	0	0	0	0	0	0	0	0	0	0	0	0	0	354	767	577	1409	263	227	246	248	233	252	231	242	231	216	243	243
14022	14032	14038	14723	16842	16851	16862	12901	12835	12858	16893	16878	16889	16878	16867	16858	17069	17096	17099	17087	17067	17077	12854	12817	12949	17065	17043	16797	13708	13663	13729	13730	15552	15309	15295	15254	18149	18075	18083	13318	14175	13519	17993	18057	17814	17757	17975	18167	17816	17667	17646	17645	17650	17653	13511	14153	13243	17817	17801	18086	15421	15220	15223	15317	0	0	0	0	0	0	0	0	0	0	0	0	0	0	0	0	0	0	0	0	0	0	0	0	0	0	0	0	0	0	0	0	2223	706	662	2027	264	227	246	248	234	252	231	242	231	216	243	244
14631	14645	14674	17023	17079	17107	17120	12813	12826	12806	12843	17147	17162	17173	17161	17146	17110	17156	0	19763	17150	12825	12787	12797	12835	17129	17112	17039	13697	13644	13710	13712	15249	15225	14919	17732	17684	17663	17673	13372	13923	13957	13359	17604	17669	0	0	17541	17731	17642	0	20078	17534	13378	13991	13911	13442	17710	17698	17700	15314	15203	15205	15169	0	0	0	0	0	0	0	0	0	0	0	0	0	0	0	0	0	0	0	0	0	0	0	0	0	0	0	0	0	0	0	0	1678	941	610	1392	263	227	246	249	234	253	231	242	231	216	243	243
17757	17825	17985	0	0	0	0	0	13743	13723	0	0	0	0	0	0	18052	0	0	0	0	0	13699	13711	17937	18043	18041	17982	14616	14534	14598	14630	19127	18926	18748	0	0	0	0	0	14828	14855	0	0	0	0	0	0	18599	0	0	0	0	0	14883	14832	18653	18622	18601	18601	16304	16098	16100	16092	0	0	0	0	0	0	0	0	0	0	0	0	0	0	0	0	0	0	0	0	0	0	0	0	0	0	0	0	0	0	0	0	2133	1993	1007	1086	263	227	246	248	233	252	231	242	231	216	244	243
17815	17852	0	0	0	0	0	13571	13588	13602	0	0	0	0	0	0	0	0	0	0	0	0	13571	13554	13590	0	0	20460	14467	14390	14449	14479	18633	18501	0	0	0	0	0	14119	14736	14211	0	0	0	0	0	0	0	0	0	0	0	0	14261	14770	14166	0	0	0	16081	15943	15948	15940	0	0	0	0	0	0	0	0	0	0	0	0	0	0	0	0	0	0	0	0	0	0	0	0	0	0	0	0	0	0	0	0	1261	811	679	928	263	227	246	248	233	252	231	242	231	217	243	243
14951	15559	17646	17768	17818	18013	18026	18047	17880	13724	13865	18051	18061	18057	18052	18039	17987	0	0	0	0	13860	13703	0	15941	17940	17920	17888	14633	14541	14605	14632	16361	16190	19087	18705	18693	18605	18603	18888	18671	14796	14639	18585	18601	18581	18578	18581	18542	0	0	0	0	14606	14790	0	16436	18587	18563	18556	16244	16105	16111	16097	0	0	0	0	0	0	0	0	0	0	0	0	0	0	0	0	0	0	0	0	0	0	0	0	0	0	0	0	0	0	0	0	1373	1131	995	1259	263	227	246	248	233	253	231	242	231	216	243	243
15041	17223	17459	17536	20199	0	0	0	13243	13187	13208	0	0	0	0	0	17522	20135	0	20119	20099	13188	13162	13203	15346	17531	17518	17472	14075	14022	14075	14088	15321	18447	18424	18091	0	0	0	0	13818	15157	13779	0	0	0	0	0	18089	0	0	0	0	13782	15160	13814	15969	18099	18073	18075	15694	15584	15569	15552	0	0	0	0	0	0	0	0	0	0	0	0	0	0	0	0	0	0	0	0	0	0	0	0	0	0	0	0	0	0	0	0	1326	742	600	1292	263	228	246	248	234	253	232	242	231	216	243	243
14914	17006	17141	17325	19942	19979	19995	20351	20056	13052	20043	0	20033	0	0	20021	19932	0	0	0	19926	19928	13022	19950	17270	19925	19908	17253	13957	13873	13943	13962	15428	18380	18103	17876	0	0	0	0	0	13729	20349	0	0	0	0	0	0	0	0	0	20426	20462	13714	0	17953	0	0	17813	15581	15438	15442	15427	0	0	0	0	0	0	0	0	0	0	0	0	0	0	0	0	0	0	0	0	0	0	0	0	0	0	0	0	0	0	0	0	1349	868	718	1169	263	227	246	248	233	252	232	241	230	216	243	243
14989	14995	14992	17451	20043	20145	20157	20172	13206	13172	13179	20172	20189	20188	20180	20162	17538	20131	0	20122	20091	13170	13151	13177	17528	17545	17533	17504	14054	14001	14067	14073	15550	15541	15513	18083	0	0	0	0	13794	14223	13735	0	0	0	0	0	18073	0	0	0	0	13742	14219	13794	18132	18101	18079	18077	15671	15558	15560	15551	0	0	0	0	0	0	0	0	0	0	0	0	0	0	0	0	0	0	0	0	0	0	0	0	0	0	0	0	0	0	0	0	1583	776	444	1277	263	227	246	248	234	252	231	242	231	216	243	244
17898	0	0	0	0	0	0	0	13640	14397	0	0	0	0	0	0	0	0	0	0	0	0	14362	13617	0	0	0	0	14534	14450	14509	14551	18223	0	0	0	0	0	0	0	15196	14910	0	0	0	0	0	0	0	0	0	0	0	0	14894	15182	0	0	0	0	16153	16009	16013	16017	0	0	0	0	0	0	0	0	0	0	0	0	0	0	0	0	0	0	0	0	0	0	0	0	0	0	0	0	0	0	0	0	1145	898	838	679	262	227	246	249	234	253	231	242	230	217	243	243
14322	14339	14923	17199	17239	17265	17283	17329	13099	13085	17325	17313	17311	17295	17277	17279	17265	17294	0	17277	17270	17251	13059	13065	13606	17205	17190	17153	13985	13910	13963	13978	15786	14593	15476	18031	17907	17884	17880	18165	14497	14417	17909	17898	17914	17898	17891	17882	17864	17617	0	17746	17792	17816	14398	14478	14080	18081	18507	18599	15606	15474	15461	15443	0	0	0	0	0	0	0	0	0	0	0	0	0	0	0	0	0	0	0	0	0	0	0	0	0	0	0	0	0	0	0	0	1407	782	2005	1506	263	228	246	248	234	252	231	242	231	217	243	243
14022	14619	16737	16847	17106	19584	19586	17141	12845	12778	12817	19779	0	0	19595	19580	17131	0	0	0	0	12817	12758	12823	17025	17140	17131	17097	13671	13609	13671	13681	15141	18098	18087	17768	17766	20420	20431	18083	13798	14309	13376	20127	19661	19648	20278	20446	17694	0	0	0	0	13377	14313	14005	17737	17700	17683	17679	15404	15175	15164	15146	0	0	0	0	0	0	0	0	0	0	0	0	0	0	0	0	0	0	0	0	0	0	0	0	0	0	0	0	0	0	0	0	1697	817	631	1237	263	227	245	248	233	252	231	242	231	216	243	243
14980	15002	17112	17407	17477	17498	17506	13137	13165	13149	20150	20135	20149	20151	20141	20127	17487	20089	0	20103	20065	20072	13132	13132	17372	17465	17465	17413	14044	13970	14040	14049	15563	15510	18418	18148	18031	17870	17822	13642	14069	13850	0	0	0	0	0	0	18039	0	0	0	0	0	13846	14036	18079	18051	18028	18030	15744	15532	15535	15512	0	0	0	0	0	0	0	0	0	0	0	0	0	0	0	0	0	0	0	0	0	0	0	0	0	0	0	0	0	0	0	0	1609	1142	514	1254	263	227	246	249	234	252	232	242	231	216	243	244
16750	16764	16783	17120	19771	0	0	19590	12771	0	0	0	0	0	0	0	17099	0	0	0	0	17110	17110	12734	16993	17112	17097	17066	13659	13574	13633	13663	18019	18013	17993	17660	20042	0	0	20415	13784	0	0	0	0	0	0	0	17654	0	0	0	0	17533	17583	13776	17708	17675	17654	17710	15284	15138	15138	15131	0	0	0	0	0	0	0	0	0	0	0	0	0	0	0	0	0	0	0	0	0	0	0	0	0	0	0	0	0	0	0	0	1163	920	473	1129	262	227	246	248	234	252	231	242	230	216	243	243
14804	14806	16991	17236	19821	19936	19950	12964	12990	12979	19997	19982	19994	19990	19990	19961	0	0	0	0	0	0	12963	12963	12989	19933	19916	19813	13867	13801	13870	13882	15369	15348	18339	17791	0	0	0	13515	14959	13733	0	20464	0	20471	20448	0	0	0	0	0	0	0	13692	14942	13574	0	20473	0	15491	15362	15367	15357	0	0	0	0	0	0	0	0	0	0	0	0	0	0	0	0	0	0	0	0	0	0	0	0	0	0	0	0	0	0	0	0	1593	1125	586	1256	263	228	246	248	234	253	231	242	230	216	243	243
14252	14260	14251	17028	17047	17069	13021	12987	13050	13035	13043	17195	17133	17137	17112	17095	17185	17197	0	17175	17182	13037	13011	13030	13051	13064	17095	17018	13933	13868	13941	13933	15489	15468	15449	18061	17921	17864	13564	13895	14619	14748	13656	17772	17842	17780	17770	17882	17816	17626	0	17658	17722	13642	14732	14577	14001	13580	17854	17917	15554	15424	15435	15390	0	0	0	0	0	0	0	0	0	0	0	0	0	0	0	0	0	0	0	0	0	0	0	0	0	0	0	0	0	0	0	0	1387	1002	338	1692	263	227	246	248	233	252	231	242	231	216	243	243
14247	14260	14803	17060	17141	17156	17199	17264	13059	13003	13025	17236	17229	17214	17190	17061	17181	0	0	17207	17177	13003	12963	13022	15170	17126	17122	17087	13904	13812	13896	13890	15713	15692	15335	18242	18052	17807	17811	18089	13648	14514	13615	17825	17838	17826	17815	18071	17753	0	0	0	17726	13606	14514	13615	15596	17886	18507	18518	15654	15372	15399	15472	0	0	0	0	0	0	0	0	0	0	0	0	0	0	0	0	0	0	0	0	0	0	0	0	0	0	0	0	0	0	0	0	1447	871	338	1462	263	226	246	248	233	253	231	242	231	216	243	243
15129	15131	17412	17570	20065	20416	20407	20047	13351	13298	13305	0	0	0	0	20311	0	0	0	0	0	13315	13280	13344	20419	0	0	0	14191	14126	14196	14199	15671	15656	18494	18138	0	0	0	0	13899	14368	13874	0	0	0	0	0	0	0	0	0	0	13886	14347	13882	0	0	0	0	15899	15689	15692	15658	0	0	0	0	0	0	0	0	0	0	0	0	0	0	0	0	0	0	0	0	0	0	0	0	0	0	0	0	0	0	0	0	1413	857	432	1110	263	227	246	249	233	252	232	241	231	216	243	243
16938	16999	17092	19690	19751	19763	19775	19847	12913	12849	12883	19801	19816	19816	19797	19784	0	0	0	0	0	12886	12831	12895	17434	19709	19698	19663	13742	13686	13738	13766	18306	18306	18290	0	0	0	0	0	13529	14138	13485	0	20467	20359	20362	0	0	0	0	0	0	13500	14095	13531	17985	0	0	0	15449	15243	15234	15222	0	0	0	0	0	0	0	0	0	0	0	0	0	0	0	0	0	0	0	0	0	0	0	0	0	0	0	0	0	0	0	0	1728	807	872	1100	263	227	246	248	233	253	231	242	230	216	244	243
14535	15087	15083	17460	17596	20235	20249	20271	13299	13296	20306	20286	20297	20291	20282	20254	20239	20252	0	20239	20224	20230	13283	13276	17563	20224	20201	20121	14190	14115	14172	14190	15739	15660	15619	18308	18145	0	0	0	14156	14001	0	0	0	0	0	0	0	0	0	0	0	0	13959	14113	18238	0	0	0	15808	15675	15667	15657	0	0	0	0	0	0	0	0	0	0	0	0	0	0	0	0	0	0	0	0	0	0	0	0	0	0	0	0	0	0	0	0	1166	828	798	1415	263	227	246	248	233	252	231	242	231	217	243	243
14480	15048	15044	17384	20127	20170	20176	17997	13219	0	0	0	0	0	0	0	20155	0	0	0	0	0	0	13195	17449	17584	17575	17548	14095	14074	14116	14108	14851	15609	15580	18166	0	0	0	18518	13894	0	0	0	0	0	0	0	0	0	0	0	0	0	0	13873	18163	18091	18030	18099	15940	15633	15607	15567	0	0	0	0	0	0	0	0	0	0	0	0	0	0	0	0	0	0	0	0	0	0	0	0	0	0	0	0	0	0	0	0	1845	333	538	1189	263	227	245	248	234	253	231	242	232	216	243	244
15106	15117	15119	17277	17464	17527	17536	17561	17608	17594	17577	17555	17544	17552	17546	17541	17487	0	0	0	0	0	17473	17485	15427	17421	17410	17377	14169	14089	14179	14163	15986	15663	15604	18195	18087	18080	18083	18376	18146	18126	18106	18097	18111	18095	18087	18075	17995	0	0	0	0	0	17930	17752	15962	18017	18017	18745	15905	15648	15683	15624	0	0	0	0	0	0	0	0	0	0	0	0	0	0	0	0	0	0	0	0	0	0	0	0	0	0	0	0	0	0	0	0	1723	944	420	1362	263	228	246	248	234	252	231	242	231	217	244	244
