14614	14622	14626	17381	17593	17640	17649	17661	13451	13434	13454	17698	17709	17698	17694	17678	17663	0	0	17684	17678	13463	13412	13424	17560	17658	17637	17593	14324	14261	14335	14325	15883	15844	15814	18326	18331	18326	18333	18345	14339	14473	13937	18339	18343	18327	18318	18333	18264	17724	0	17983	18026	18187	14458	14311	18431	18237	18229	18225	15944	15824	15822	15884	0	0	0	0	0	0	0	0	0	0	0	0	0	0	0	0	0	0	0	0	0	0	0	0	0	0	0	0	0	0	0	0	1439	819	463	1847	263	227	245	248	233	252	230	242	230	216	242	243
14354	14936	17135	17258	17417	17426	17447	17459	13239	13100	13122	20070	20089	20079	20072	20061	20035	0	0	0	0	13118	13077	13199	17375	20009	20005	19966	14001	13933	13999	14010	15450	15254	18271	18085	17930	17876	0	17740	13959	14316	13668	0	0	0	0	0	0	0	0	0	0	13668	14322	13977	18009	0	0	0	15619	15504	15491	15476	0	0	0	0	0	0	0	0	0	0	0	0	0	0	0	0	0	0	0	0	0	0	0	0	0	0	0	0	0	0	0	0	1141	924	600	1328	262	227	245	247	233	252	230	241	230	215	242	242
17191	17247	17346	17487	20154	0	0	13158	13179	13197	0	0	0	0	0	0	17498	20099	20104	20087	20056	20074	13156	13144	13166	17476	17467	17430	14057	13987	14057	14055	18418	18407	18097	18033	0	0	0	13857	14666	13804	0	0	0	0	0	0	18039	0	0	0	0	0	13863	14686	13946	18065	18042	18037	15673	15546	15548	15519	0	0	0	0	0	0	0	0	0	0	0	0	0	0	0	0	0	0	0	0	0	0	0	0	0	0	0	0	0	0	0	0	1645	949	605	1251	262	226	245	248	232	252	231	241	230	216	242	242
14313	14893	17116	19900	20009	20023	20043	20076	20113	13062	0	0	0	0	20069	20053	19989	0	0	0	19997	20005	13041	20011	17350	19991	19973	17381	13955	13901	13961	13970	14556	15169	18043	0	0	0	0	0	0	13656	0	0	0	0	0	20473	0	0	0	0	0	0	13640	0	17980	0	0	17723	15571	15461	15453	15437	0	0	0	0	0	0	0	0	0	0	0	0	0	0	0	0	0	0	0	0	0	0	0	0	0	0	0	0	0	0	0	0	1900	786	642	1203	262	226	245	247	233	251	231	241	230	216	242	242
14585	14618	17257	17426	17554	17581	17604	17632	17649	13357	0	0	17628	0	0	0	17516	17522	17520	17509	17495	17502	13287	17527	14867	17482	17465	17200	14220	14124	14211	14203	15661	15424	18348	18148	18142	18131	18132	18170	18186	0	0	0	18014	0	0	0	18242	18057	18045	18051	18043	18053	13834	18067	15451	18254	18237	18317	15832	15680	15715	15670	0	0	0	0	0	0	0	0	0	0	0	0	0	0	0	0	0	0	0	0	0	0	0	0	0	0	0	0	0	0	0	0	1241	1200	474	1559	262	226	245	247	233	252	230	241	230	216	242	243
14859	14881	14887	14911	15260	17501	17708	15563	13736	13695	13707	17742	17740	17734	17722	17562	17696	17719	17770	17756	17669	13696	13666	13702	15169	15220	15209	15177	14588	14512	14584	14577	16297	16124	16113	16070	15795	18729	18735	15941	14302	14842	14261	18742	18746	18727	18719	18715	18700	18693	18670	18685	18647	14261	14870	14288	15824	15727	15491	15752	16207	16076	16078	16161	0	0	0	0	0	0	0	0	0	0	0	0	0	0	0	0	0	0	0	0	0	0	0	0	0	0	0	0	0	0	0	0	1399	760	476	2377	263	226	245	247	232	251	230	241	230	215	241	241
14887	14893	14893	17791	17982	17995	18006	18014	0	13660	0	0	0	0	0	0	0	0	0	0	0	0	13646	0	17973	0	0	0	14559	14474	14554	14547	16061	15445	15426	18664	18662	18655	18655	18664	0	14289	0	0	0	0	0	0	0	0	0	0	0	0	14233	0	18579	0	0	0	16173	16029	16053	16013	0	0	0	0	0	0	0	0	0	0	0	0	0	0	0	0	0	0	0	0	0	0	0	0	0	0	0	0	0	0	0	0	1597	872	521	1370	262	226	245	247	233	251	231	240	230	215	241	242
14446	14457	17139	17394	17495	17515	17530	17573	13273	13237	13242	17615	17608	20087	20062	17600	0	0	0	0	0	13254	13212	13267	17551	20199	20181	20143	14137	14060	14137	14139	15670	14995	18583	18430	18238	18171	18175	18605	13934	14641	13882	18155	18142	0	0	18341	0	0	0	0	0	13877	14585	13919	18177	0	0	0	15756	15619	15631	15601	0	0	0	0	0	0	0	0	0	0	0	0	0	0	0	0	0	0	0	0	0	0	0	0	0	0	0	0	0	0	0	0	1302	925	478	1631	263	227	245	247	233	252	230	241	230	215	242	242
14980	17726	18027	18071	0	13798	13687	13736	13755	13772	0	0	0	0	0	0	0	0	0	0	0	0	13759	13736	13773	13724	13835	18029	14626	14569	14624	14655	15247	18777	18762	18597	0	14706	14955	14322	14759	14329	0	0	0	0	0	0	0	0	0	0	0	0	14304	14704	14410	15005	14433	18507	16313	16123	16117	16111	0	0	0	0	0	0	0	0	0	0	0	0	0	0	0	0	0	0	0	0	0	0	0	0	0	0	0	0	0	0	0	0	2400	1155	653	873	262	227	245	247	232	252	231	241	230	215	242	242
0	0	0	0	0	0	0	13074	13103	13103	0	0	0	0	0	0	0	0	0	0	0	0	13077	13060	13096	0	0	0	13978	13902	13975	13954	0	0	0	0	0	0	0	13657	14442	13945	0	0	0	0	0	0	0	0	0	0	0	0	13899	14390	13712	0	0	0	15596	15461	15464	15418	0	0	0	0	0	0	0	0	0	0	0	0	0	0	0	0	0	0	0	0	0	0	0	0	0	0	0	0	0	0	0	0	1212	751	906	360	261	226	245	247	233	251	230	241	230	215	242	243
14086	16987	17013	17184	19775	19809	19818	19836	12865	12911	0	0	19839	0	19831	19820	19756	19771	0	0	19742	19753	12890	12841	17065	17153	19744	17113	13756	13684	13746	13768	14619	17917	17896	17726	20334	20297	20312	20336	14133	13456	0	0	20194	0	20096	20340	20315	20119	0	0	20269	20284	13436	14125	17737	17536	20310	17685	15381	15244	15244	15234	0	0	0	0	0	0	0	0	0	0	0	0	0	0	0	0	0	0	0	0	0	0	0	0	0	0	0	0	0	0	0	0	1399	1073	836	1109	262	226	245	247	232	251	231	241	230	215	242	242
14251	14261	17120	17167	19959	0	19979	0	13071	13014	13022	0	0	0	0	19998	0	0	0	0	0	13014	12994	13043	17253	19929	19932	19885	13909	13839	13895	13925	14951	14792	18055	17870	20475	0	0	0	13619	14160	13642	0	0	0	0	20286	0	0	0	0	0	13617	14123	13586	17853	20426	0	20453	15528	15399	15395	15386	0	0	0	0	0	0	0	0	0	0	0	0	0	0	0	0	0	0	0	0	0	0	0	0	0	0	0	0	0	0	0	0	1679	775	744	1032	263	227	246	247	233	252	231	242	230	216	243	242
17630	17636	17792	17999	0	0	0	0	13700	13666	13666	0	0	0	0	0	0	0	0	0	0	13674	13650	13687	0	0	0	0	14550	14495	14555	14578	18822	18702	18686	18528	0	0	0	0	14309	14936	14257	0	0	0	0	0	0	0	0	0	0	14260	14894	14297	0	0	0	0	16676	16063	16051	16042	0	0	0	0	0	0	0	0	0	0	0	0	0	0	0	0	0	0	0	0	0	0	0	0	0	0	0	0	0	0	0	0	2011	993	1055	1147	262	227	245	248	233	252	230	242	231	215	243	242
17002	17012	17135	17319	19939	19958	19962	0	13035	13016	0	0	0	0	0	0	19904	0	0	0	0	0	12987	12998	17260	17271	19882	17255	13904	13833	13902	13916	18197	18061	17902	17844	20463	0	20301	0	13581	13561	0	0	0	0	0	0	20361	0	0	0	0	0	13554	13571	17900	17801	0	17814	15616	15395	15399	15384	0	0	0	0	0	0	0	0	0	0	0	0	0	0	0	0	0	0	0	0	0	0	0	0	0	0	0	0	0	0	0	0	1439	747	479	1136	263	227	246	248	233	252	231	241	230	216	243	242
14751	14760	17553	17732	17831	20479	13525	13485	13529	13511	13595	0	0	0	0	0	20429	0	0	0	20421	13544	13492	13506	13519	13548	20394	17794	14422	14330	14406	14418	15304	15235	18687	18391	18381	0	14053	14526	14839	14588	14138	0	0	0	0	0	0	0	0	0	0	14114	14569	14803	14607	14090	0	18359	16029	15883	15905	15885	0	0	0	0	0	0	0	0	0	0	0	0	0	0	0	0	0	0	0	0	0	0	0	0	0	0	0	0	0	0	0	0	1444	1884	662	1235	263	227	246	247	233	251	231	241	230	216	242	242
14802	16891	17152	17261	0	0	0	12939	12978	12971	0	0	0	0	0	0	0	0	0	0	0	0	12948	12947	12969	19924	19908	19881	13859	13782	13864	13868	15298	17969	17856	17780	0	0	0	13540	14521	13702	0	0	0	0	0	0	0	0	0	0	0	0	13702	14524	13610	20292	20401	20437	15475	15346	15367	15331	0	0	0	0	0	0	0	0	0	0	0	0	0	0	0	0	0	0	0	0	0	0	0	0	0	0	0	0	0	0	0	0	1238	880	427	975	262	227	244	247	232	252	230	241	230	215	242	242
14318	14331	14335	14351	14786	14818	17151	15153	13219	13165	13164	17158	17175	17166	17160	17147	17223	17252	17388	17233	17221	13162	13137	13201	14699	17073	17058	15044	14063	13991	14061	14048	15739	15730	15710	15369	15360	15317	15203	15739	13800	14313	13865	18209	18067	18051	18134	18197	18149	18136	18113	18119	18079	13863	14319	13782	15333	18185	18188	15305	15680	15548	15551	15634	0	0	0	0	0	0	0	0	0	0	0	0	0	0	0	0	0	0	0	0	0	0	0	0	0	0	0	0	0	0	0	0	1300	804	479	2362	264	227	246	248	233	252	231	242	230	215	243	242
15127	15125	17365	17438	17462	17611	17634	13273	13299	13304	20289	20271	20284	20286	20275	20257	0	0	0	0	0	0	13288	13268	13311	20220	20210	20170	14188	14109	14188	14189	15627	15567	18391	18141	18134	18091	0	13835	14505	13940	0	0	0	0	0	0	0	0	0	0	0	0	13899	14442	13912	0	0	0	15888	15669	15680	15650	0	0	0	0	0	0	0	0	0	0	0	0	0	0	0	0	0	0	0	0	0	0	0	0	0	0	0	0	0	0	0	0	1236	878	542	1138	263	227	245	248	233	252	231	241	230	216	242	243
14710	14715	14714	17522	17536	17604	13504	13434	13500	13547	17718	17700	17573	17575	17553	17541	17907	20336	20333	20316	20311	20319	13521	13465	13502	13555	17646	17548	14384	14301	14390	14372	15843	15846	15827	18503	18513	18505	14475	14688	14536	14098	18345	18345	18343	18329	18329	18323	18292	0	0	0	0	0	14052	14434	14764	14081	18432	18443	15997	15852	15891	15946	0	0	0	0	0	0	0	0	0	0	0	0	0	0	0	0	0	0	0	0	0	0	0	0	0	0	0	0	0	0	0	0	1938	949	532	1726	263	227	245	248	233	251	231	241	230	215	243	243
15162	15169	17466	17494	17619	17634	17650	17657	13339	20347	20323	20300	20319	20321	20304	20282	0	0	0	0	0	0	20252	13304	17579	20255	20240	20205	14228	14156	14230	14234	15744	15722	18453	18200	18186	18155	18110	18130	14045	0	0	0	0	0	0	0	0	0	0	0	0	0	0	14006	18200	0	0	0	15846	15712	15726	15696	0	0	0	0	0	0	0	0	0	0	0	0	0	0	0	0	0	0	0	0	0	0	0	0	0	0	0	0	0	0	0	0	1207	1029	400	1241	262	226	246	248	233	252	230	241	230	216	242	242
17332	17383	17416	20163	0	0	0	0	13261	13155	0	0	0	0	0	0	20149	0	0	0	20137	20151	13129	20151	17379	20127	20111	20072	14050	13977	14046	14066	18197	18063	18049	0	0	0	0	0	13527	14084	0	0	0	0	0	0	0	0	0	0	0	0	14074	0	17992	0	0	0	15723	15537	15539	15527	0	0	0	0	0	0	0	0	0	0	0	0	0	0	0	0	0	0	0	0	0	0	0	0	0	0	0	0	0	0	0	0	2203	839	608	1099	262	226	245	247	233	251	231	241	230	215	242	242
17757	0	0	0	0	0	0	0	13547	0	0	0	0	0	0	0	0	0	0	0	0	0	0	13529	0	0	0	0	14442	14354	14417	14451	18371	0	0	0	0	0	0	0	14446	0	0	0	0	0	0	0	0	0	0	0	0	0	0	14421	0	0	0	0	16056	15912	15920	15916	0	0	0	0	0	0	0	0	0	0	0	0	0	0	0	0	0	0	0	0	0	0	0	0	0	0	0	0	0	0	0	0	1730	952	798	594	262	227	245	247	233	252	230	241	230	216	242	242
14547	14559	14554	17260	17369	17538	17554	17559	13406	13344	17609	17597	17396	17397	17397	17381	17546	17559	17559	17547	17532	17534	13311	17557	17201	17505	17489	17449	14246	14172	14247	14234	15816	15770	15740	18377	18264	18236	18241	18251	13863	14257	18267	18256	18267	18257	18252	18249	18223	18085	18047	18085	18098	18105	14239	18123	18333	18133	18115	18343	15865	15727	15734	15828	0	0	0	0	0	0	0	0	0	0	0	0	0	0	0	0	0	0	0	0	0	0	0	0	0	0	0	0	0	0	0	0	1384	796	563	1760	263	227	245	248	233	252	231	242	230	216	242	243
16994	17009	17023	0	0	0	0	0	12861	12983	0	0	0	0	0	0	0	0	0	0	0	0	0	12841	19753	0	0	19858	13748	13692	13736	13777	17894	17713	17667	0	0	0	0	0	13943	13405	0	0	0	0	0	0	0	0	0	0	0	0	0	13930	20445	0	0	20163	15367	15252	15237	15237	0	0	0	0	0	0	0	0	0	0	0	0	0	0	0	0	0	0	0	0	0	0	0	0	0	0	0	0	0	0	0	0	2183	783	858	906	263	227	245	247	233	252	231	241	230	216	242	243
14714	14723	14728	14747	15031	17307	17307	15399	17369	17357	13542	13502	13538	17573	17339	17352	15047	17546	17569	13515	13492	13513	17494	15052	15021	15043	15025	14999	14427	14354	14468	14418	16127	16130	16114	16019	15608	18546	18546	15881	18630	18594	14293	15281	14136	18557	18542	18546	15571	18599	18528	14112	15265	14277	18525	15519	15650	15590	15624	15945	16119	15915	15972	16006	0	0	0	0	0	0	0	0	0	0	0	0	0	0	0	0	0	0	0	0	0	0	0	0	0	0	0	0	0	0	0	0	1415	764	61	2690	264	227	245	248	233	252	231	241	230	216	242	242
14734	14746	14744	17502	17690	17713	17724	13538	13547	13554	17808	17795	17806	17806	17803	17774	17746	17762	17772	17749	17736	17744	13535	13519	13564	17732	17717	17652	14422	14362	14422	14425	15962	15955	15285	18415	18415	18409	18416	14055	14659	14160	18425	18423	18430	18409	18402	18412	18332	18319	18216	18288	18288	18290	14143	14643	14133	18324	18313	18311	16045	15921	15916	15891	0	0	0	0	0	0	0	0	0	0	0	0	0	0	0	0	0	0	0	0	0	0	0	0	0	0	0	0	0	0	0	0	1309	769	1128	1702	263	227	246	248	233	252	231	241	231	216	242	242
17087	17110	17126	19904	0	0	0	0	12994	12955	12955	0	0	0	0	0	19847	0	0	0	0	12937	12923	12949	17153	19822	19825	19786	13861	13781	13837	13856	18047	17862	17846	0	0	0	0	0	13674	14828	13660	0	0	0	0	0	20371	0	0	0	0	13673	14887	13680	17837	0	0	0	15475	15340	15336	15327	0	0	0	0	0	0	0	0	0	0	0	0	0	0	0	0	0	0	0	0	0	0	0	0	0	0	0	0	0	0	0	0	1104	841	516	1085	263	226	246	248	233	252	231	242	230	215	241	242
14127	14124	14116	17173	17195	17203	19831	12875	12903	12898	19874	19854	19868	19866	19864	19840	19810	0	0	0	0	19814	12879	12874	12909	19792	19783	19743	13788	13717	13776	13793	14645	14641	14423	17836	17818	17800	20374	13426	14674	13686	20383	20366	20391	20345	20361	0	20365	0	0	0	0	20330	13619	14639	13489	20392	20372	20455	15403	15275	15271	15262	0	0	0	0	0	0	0	0	0	0	0	0	0	0	0	0	0	0	0	0	0	0	0	0	0	0	0	0	0	0	0	0	1189	855	594	1237	263	227	246	247	233	252	230	241	230	216	242	242
17419	17581	17583	17742	17757	0	0	13467	13462	13437	13430	0	0	0	0	0	0	0	0	0	13475	13420	13409	13431	13479	17696	17692	17657	14341	14254	14328	14352	18788	18490	18339	18290	18281	0	0	14024	14324	15330	14131	0	0	0	0	0	0	0	0	0	14002	14158	15485	14350	14056	18255	18244	18264	15958	15810	15826	15814	0	0	0	0	0	0	0	0	0	0	0	0	0	0	0	0	0	0	0	0	0	0	0	0	0	0	0	0	0	0	0	0	1207	826	775	1056	262	227	245	248	233	252	230	241	230	215	243	242
14227	14792	14790	17065	17112	17170	17189	17212	13018	12957	12953	0	17223	0	17218	17199	17156	17165	0	17154	17152	12941	12925	12978	17029	17139	17002	16965	13849	13794	13852	13853	15450	15311	15074	17815	17798	17780	17779	17840	13623	14166	13806	0	17770	0	17707	17721	17727	17691	0	17665	17676	13829	14185	13607	17925	17866	17862	17870	15463	15352	15346	15314	0	0	0	0	0	0	0	0	0	0	0	0	0	0	0	0	0	0	0	0	0	0	0	0	0	0	0	0	0	0	0	0	1355	758	405	1335	263	226	245	248	233	252	231	241	230	216	242	242
17192	17249	17258	20007	20127	20149	20153	20158	13188	13153	0	0	0	0	0	20142	20164	0	0	0	0	0	13133	13165	20011	20131	20125	20085	14052	13977	14038	14057	18548	18249	18217	0	0	0	0	0	13891	14001	0	0	0	0	0	0	20426	0	0	0	0	0	13961	13845	0	0	0	0	15669	15535	15535	15524	0	0	0	0	0	0	0	0	0	0	0	0	0	0	0	0	0	0	0	0	0	0	0	0	0	0	0	0	0	0	0	0	1578	785	493	1175	262	227	245	248	233	252	231	241	230	216	242	243
15538	17838	17843	0	0	0	0	13676	13706	13698	0	0	0	0	0	0	0	0	0	0	0	0	13687	13686	13717	0	0	0	14583	14527	14584	14599	15953	18729	18538	0	0	0	0	14255	15331	14509	0	0	0	0	0	0	0	0	0	0	0	0	14475	15285	14362	0	0	0	16210	16086	16078	16065	0	0	0	0	0	0	0	0	0	0	0	0	0	0	0	0	0	0	0	0	0	0	0	0	0	0	0	0	0	0	0	0	1768	723	660	996	262	227	246	248	233	252	230	242	230	216	242	242
14247	14255	14253	17083	17117	17233	17242	12979	13022	13062	19916	19903	17281	17295	17273	17251	17214	0	0	0	0	17215	13037	12987	13002	17213	17203	17165	13904	13819	13909	13896	15367	14913	14738	17872	17834	17829	17840	14049	14257	13492	20196	20163	17844	17744	17776	17840	17927	0	0	0	0	17593	13538	14253	14119	17945	17929	17920	15516	15378	15408	15519	0	0	0	0	0	0	0	0	0	0	0	0	0	0	0	0	0	0	0	0	0	0	0	0	0	0	0	0	0	0	0	0	1222	951	394	1441	263	226	245	248	233	252	231	241	231	216	242	242
14543	14541	14549	14580	14588	13504	13430	13431	17578	13530	17533	17353	14640	17509	17354	17342	14514	17441	17449	17450	14489	15285	13498	13462	13488	13480	14488	14138	14348	14307	14385	14368	15946	15937	15915	15883	15866	14049	14404	15527	14575	14121	18558	18546	15153	18432	18518	18689	15127	18586	18597	18597	15026	15541	14161	14558	15814	14524	15848	15852	15972	15863	15893	15909	0	0	0	0	0	0	0	0	0	0	0	0	0	0	0	0	0	0	0	0	0	0	0	0	0	0	0	0	0	0	0	0	1976	904	507	3512	264	226	245	247	233	252	230	241	230	215	242	242
14933	15545	17698	17866	17880	17997	18006	18022	13742	13740	18055	18051	18059	18051	18039	18019	0	0	0	0	0	0	13731	13715	17958	0	0	17967	14614	14551	14620	14616	16153	16149	18840	18658	18639	18635	18632	18651	14790	14597	18589	18566	18589	18376	18562	18583	0	0	0	0	0	0	14545	14774	18611	0	0	18558	16313	16111	16117	16081	0	0	0	0	0	0	0	0	0	0	0	0	0	0	0	0	0	0	0	0	0	0	0	0	0	0	0	0	0	0	0	0	1875	909	398	1420	263	227	245	248	233	252	230	242	230	216	242	242
17023	17177	17197	17327	17357	17375	17388	13056	13086	13083	0	0	0	0	0	20018	17293	17307	17305	17294	17279	13115	13052	13066	13088	17270	17260	17225	13977	13917	13933	13974	18113	18071	18024	17934	17926	17911	0	13883	14768	14127	0	0	0	0	0	20316	17886	17832	17750	17795	17811	13582	14124	14798	14005	17861	17841	17844	15665	15478	15437	15548	0	0	0	0	0	0	0	0	0	0	0	0	0	0	0	0	0	0	0	0	0	0	0	0	0	0	0	0	0	0	0	0	1313	748	1211	1440	262	226	245	247	233	251	231	241	230	216	242	242
14035	14040	14076	14551	14553	16979	16977	16983	12917	17041	17031	17023	16967	16973	16949	16910	17114	17145	17139	17117	17110	17108	16965	12878	14466	17095	16965	16938	13798	13727	13802	13788	15392	15371	15304	15083	15070	17907	17820	17906	13584	17832	17814	17806	17818	17810	17800	17835	17752	17688	17672	17667	17667	17678	17688	13531	15079	17708	17708	17905	15486	15286	15298	15392	0	0	0	0	0	0	0	0	0	0	0	0	0	0	0	0	0	0	0	0	0	0	0	0	0	0	0	0	0	0	0	0	3335	909	1116	2051	264	227	245	247	233	252	230	241	230	216	243	243
13943	13947	13947	13968	13987	14014	14067	14078	14075	12862	12881	14084	14070	14080	14089	14066	16816	16842	16858	16862	16790	12865	12829	16802	13890	16776	14702	14085	13757	13677	13761	13744	15326	15316	15304	15263	15046	14861	14878	14906	14923	13744	13448	14604	14895	14603	14690	14874	17947	17859	17819	17945	17812	13434	13734	17846	14483	17952	15244	14534	15379	15243	15261	15325	0	0	0	0	0	0	0	0	0	0	0	0	0	0	0	0	0	0	0	0	0	0	0	0	0	0	0	0	0	0	0	0	1177	830	336	3155	264	227	245	247	233	252	230	242	230	216	242	242
17509	17538	17542	0	0	0	0	0	13409	13391	13413	0	0	0	0	0	0	0	0	0	0	13422	13378	13387	0	0	0	0	14292	14224	14282	14307	18436	18281	18214	0	0	0	0	0	14372	14495	13959	0	0	0	0	0	0	0	0	0	0	13960	14458	14327	0	0	0	0	15915	15785	15778	15770	0	0	0	0	0	0	0	0	0	0	0	0	0	0	0	0	0	0	0	0	0	0	0	0	0	0	0	0	0	0	0	0	1597	803	603	990	262	226	245	247	233	252	230	241	230	215	242	242
14919	14956	14947	17554	17547	17825	13748	13733	13788	17884	17868	17862	17806	17816	17794	17780	17969	17999	18005	17993	17974	17973	17963	13770	13769	13777	17792	17758	14660	14598	14655	14654	16238	16225	16195	18782	18777	18632	14347	15155	14499	18678	18660	18654	18660	18650	18641	18639	18583	18536	18505	18503	18515	18526	18538	14482	15194	14395	18552	18762	16282	16155	16143	16250	0	0	0	0	0	0	0	0	0	0	0	0	0	0	0	0	0	0	0	0	0	0	0	0	0	0	0	0	0	0	0	0	2006	906	1838	2091	263	227	245	248	232	252	230	241	230	216	242	243
13327	13323	13316	13311	13227	13212	13242	13337	13311	13273	13282	13251	13250	13236	13227	13247	0	13235	13223	13216	13246	13250	13208	13267	13329	13283	13227	13247	14166	14085	14162	14156	14297	14288	14270	14222	14231	14397	13882	14243	14307	14603	13922	13934	15399	15911	15859	14255	14268	15861	15926	15009	13947	14003	14482	14183	14364	14202	14482	14170	15786	15640	15652	15616	0	0	0	0	0	0	0	0	0	0	0	0	0	0	0	0	0	0	0	0	0	0	0	0	0	0	0	0	0	0	0	0	1433	795	323	1174	262	226	245	248	232	252	230	241	230	215	243	243
17642	17740	17760	17971	0	0	0	0	13695	13656	13662	0	0	0	0	0	0	0	0	0	0	13652	13632	13665	17872	0	0	17967	14557	14470	14538	14560	18862	18702	18689	18518	0	0	0	0	14352	15094	14278	0	0	0	0	0	0	0	0	0	0	14271	15044	14357	18556	0	0	18264	16232	16029	16041	16029	0	0	0	0	0	0	0	0	0	0	0	0	0	0	0	0	0	0	0	0	0	0	0	0	0	0	0	0	0	0	0	0	1714	920	823	1204	263	227	245	248	233	252	230	241	230	216	243	242
14473	17234	17387	17585	17596	20218	20235	13311	13278	13341	20268	20253	20261	0	20256	20239	0	0	0	0	0	0	0	13256	20107	20177	20170	20130	14166	14101	14158	14174	14975	18441	18371	18110	18079	0	0	13626	14237	13846	0	0	0	0	0	0	0	0	0	0	0	0	0	14198	0	0	0	0	15856	15662	15642	15736	0	0	0	0	0	0	0	0	0	0	0	0	0	0	0	0	0	0	0	0	0	0	0	0	0	0	0	0	0	0	0	0	1640	770	1577	1318	263	227	246	248	233	252	231	241	230	216	242	243
14798	14820	14830	15317	17615	17746	17758	15656	13857	13644	17852	17866	17744	17738	17726	17649	17835	17859	17872	17854	17832	17834	13623	13834	17721	17821	17805	17719	14526	14473	14545	14531	16182	16063	16050	15794	18669	18658	18635	16061	14528	14606	18548	18542	18546	18542	18535	18562	18450	18400	18359	18393	18387	18402	14577	14469	18617	18421	18408	18617	16188	16033	16041	15988	0	0	0	0	0	0	0	0	0	0	0	0	0	0	0	0	0	0	0	0	0	0	0	0	0	0	0	0	0	0	0	0	1947	945	541	1891	262	226	245	247	232	252	230	241	230	216	242	243
17481	17537	17559	20279	0	0	0	0	13458	13422	13436	0	0	0	0	0	0	0	0	0	0	13430	13404	13430	17668	20396	20376	20348	14313	14251	14316	14335	18720	18513	18389	0	0	0	0	0	14186	14577	14015	0	0	0	0	0	0	0	0	0	0	14015	14581	14179	18227	0	0	0	15932	15809	15808	15793	0	0	0	0	0	0	0	0	0	0	0	0	0	0	0	0	0	0	0	0	0	0	0	0	0	0	0	0	0	0	0	0	1361	1249	624	1125	262	226	245	247	233	252	231	242	230	216	243	242
14405	14417	14413	16967	17251	17299	17311	15103	13219	13188	13187	17352	17350	17357	17350	17238	17321	0	0	0	20182	13176	13158	13185	13245	17209	17191	17166	14068	14023	14089	14075	15632	15629	15613	18204	18107	17998	18005	15504	13927	14697	13845	18026	18033	18024	18023	18017	17913	0	0	0	0	13790	14570	13918	13539	17917	18099	18133	15680	15583	15575	15660	0	0	0	0	0	0	0	0	0	0	0	0	0	0	0	0	0	0	0	0	0	0	0	0	0	0	0	0	0	0	0	0	1744	749	534	1787	263	227	246	248	233	253	231	242	230	216	243	242
14236	14243	14237	17124	17173	17201	17210	17234	13049	13003	13049	17298	17313	17311	17304	17275	0	0	0	0	0	13050	12977	13024	17245	19901	19881	17244	13897	13831	13900	13894	15454	15383	14681	17913	17910	17900	17894	17921	13772	13949	13542	17826	17850	17822	17802	17843	0	0	0	0	0	13490	13921	13738	17821	20417	20473	17618	15606	15393	15394	15365	0	0	0	0	0	0	0	0	0	0	0	0	0	0	0	0	0	0	0	0	0	0	0	0	0	0	0	0	0	0	0	0	1663	780	533	1523	262	226	245	247	232	252	230	240	230	215	243	242
14236	14804	17044	17100	17126	19946	19955	19966	13042	12998	13024	0	0	0	0	19978	0	0	0	0	0	13029	12971	13018	17270	0	19948	19905	13887	13809	13887	13901	15335	15304	18028	17990	17989	0	0	0	13754	14048	13562	0	0	0	0	0	0	0	0	0	0	13564	14018	13708	17920	0	20468	0	15546	15367	15386	15371	0	0	0	0	0	0	0	0	0	0	0	0	0	0	0	0	0	0	0	0	0	0	0	0	0	0	0	0	0	0	0	0	2762	1038	505	1110	263	227	245	247	233	252	230	242	230	216	243	242
14670	14694	15236	17566	17631	17712	17723	17734	13477	13431	13440	20419	17728	20418	17732	17711	20329	0	0	0	20324	13430	13405	13446	17655	20297	20283	20257	14328	14256	14334	14331	15856	15767	18579	18318	18318	18281	18286	18319	14038	14442	13983	0	18288	0	0	18174	0	0	0	0	0	13985	14421	14019	18386	0	0	0	15948	15814	15828	15897	0	0	0	0	0	0	0	0	0	0	0	0	0	0	0	0	0	0	0	0	0	0	0	0	0	0	0	0	0	0	0	0	1152	791	397	1491	263	226	245	247	233	252	231	242	230	215	243	243
14268	14297	14304	16880	17092	17107	17104	17110	13129	13092	13109	17133	17130	17135	17114	17103	17118	17167	17176	17169	17077	13094	13062	13092	14596	17057	17037	14925	13989	13912	13985	13973	15667	15518	15504	18113	18141	17978	18109	18145	13831	14524	13743	18099	17950	17826	17939	18073	18047	17935	17997	17946	18007	13752	14483	13830	15194	18045	18029	15310	15605	15475	15478	15558	0	0	0	0	0	0	0	0	0	0	0	0	0	0	0	0	0	0	0	0	0	0	0	0	0	0	0	0	0	0	0	0	1396	758	668	1980	263	227	246	248	233	252	231	241	231	216	243	242
17065	17083	17107	20043	0	0	0	0	12948	12919	0	0	0	0	0	0	0	0	0	0	0	0	12903	12928	19913	0	0	0	13819	13744	13806	13837	17959	17807	17778	20323	0	0	0	0	13704	13839	0	0	0	0	0	0	0	0	0	0	0	0	13830	13687	0	0	0	0	15438	15304	15306	15302	0	0	0	0	0	0	0	0	0	0	0	0	0	0	0	0	0	0	0	0	0	0	0	0	0	0	0	0	0	0	0	0	1380	882	658	917	263	227	246	248	233	252	231	241	230	215	243	243
15536	17782	17831	0	0	0	0	0	0	13692	0	0	0	0	0	0	0	0	0	0	0	0	13662	0	18097	0	0	0	14601	14504	14588	14597	15917	18726	18710	0	0	0	0	0	0	14297	0	0	0	0	0	0	0	0	0	0	0	0	14313	0	18646	0	0	0	16221	16057	16092	16195	0	0	0	0	0	0	0	0	0	0	0	0	0	0	0	0	0	0	0	0	0	0	0	0	0	0	0	0	0	0	0	0	1241	1171	566	1139	262	227	245	248	233	252	231	241	230	216	242	242
15474	15478	17790	17835	17949	0	0	13632	13661	13652	0	0	0	0	0	0	0	0	0	0	0	0	13636	13638	13668	0	0	0	14541	14467	14522	14550	16054	15997	18670	18511	18508	0	0	14179	14698	14329	0	0	0	0	0	0	0	0	0	0	0	0	14315	14690	14245	0	0	0	16159	16025	16021	16010	0	0	0	0	0	0	0	0	0	0	0	0	0	0	0	0	0	0	0	0	0	0	0	0	0	0	0	0	0	0	0	0	1831	894	2201	1193	263	227	246	248	233	252	231	241	230	216	242	243
17642	17882	17891	0	0	0	0	13642	13628	13653	0	0	0	0	0	0	0	0	0	0	0	0	13612	13600	13645	17961	17951	17913	14500	14450	14497	14526	18564	18544	18519	0	0	0	0	14146	14973	14560	0	0	0	0	0	0	0	0	0	0	0	0	14531	14987	14553	18506	18466	18487	16115	16013	15995	15990	0	0	0	0	0	0	0	0	0	0	0	0	0	0	0	0	0	0	0	0	0	0	0	0	0	0	0	0	0	0	0	0	1633	947	671	942	262	227	245	248	233	252	231	241	230	216	242	242
14421	14440	14444	17221	17473	17489	17497	17509	13260	13215	13221	17522	17537	17541	17524	17512	0	0	0	0	0	13221	13180	13246	17438	17507	17472	17435	14111	14029	14107	14101	15624	15287	14977	18171	18174	18079	18085	18154	13835	14543	13814	18055	18063	17969	18035	18039	0	0	0	0	0	13808	14497	13811	18077	17969	18014	18025	15798	15588	15603	15677	0	0	0	0	0	0	0	0	0	0	0	0	0	0	0	0	0	0	0	0	0	0	0	0	0	0	0	0	0	0	0	0	1315	906	804	1490	262	226	245	247	233	252	230	242	230	215	243	242
14573	14573	15095	17338	17468	17504	13329	13246	13283	13269	13320	13594	17550	17544	17534	17524	17477	17489	0	17476	17474	13300	13261	13258	13280	13352	17442	17393	14181	14099	14162	14178	15768	15005	15594	18206	18195	18182	13798	14061	15340	14302	13906	14045	18151	18138	18126	18184	18193	18061	0	18101	17985	13902	14201	15241	14222	13867	18194	18203	15793	15657	15654	15770	0	0	0	0	0	0	0	0	0	0	0	0	0	0	0	0	0	0	0	0	0	0	0	0	0	0	0	0	0	0	0	0	1695	952	749	1855	263	226	245	248	232	252	230	241	230	216	242	242
14421	17206	17211	17352	17542	20141	20159	13242	13240	13253	0	0	20194	0	20182	20168	0	0	0	0	0	0	13246	13209	17460	17483	17469	17443	14131	14038	14120	14130	14772	18284	18267	18229	18077	0	0	13723	14253	13865	0	0	0	0	0	0	0	0	0	0	0	0	13834	14190	18077	18042	18017	18032	16419	16143	15616	15596	0	0	0	0	0	0	0	0	0	0	0	0	0	0	0	0	0	0	0	0	0	0	0	0	0	0	0	0	0	0	0	0	1342	1956	534	938	262	226	245	247	233	252	230	242	230	216	242	242
14042	14076	16807	16858	16938	16981	16997	17006	12822	12789	12789	17043	17049	17037	17019	17003	16986	17017	0	16990	19614	12774	12764	12783	16837	16981	16963	16809	13688	13627	13693	13689	15143	14452	18026	17784	17734	17645	17652	17862	13554	14842	13430	17441	17619	17590	17577	17650	17698	17307	0	17325	19951	13446	14854	13562	17759	17719	17702	17704	15363	15188	15186	15271	0	0	0	0	0	0	0	0	0	0	0	0	0	0	0	0	0	0	0	0	0	0	0	0	0	0	0	0	0	0	0	0	1592	862	394	1466	263	227	245	248	233	252	231	241	230	216	242	242
14688	14698	14693	17485	17498	17625	17631	17645	13506	13485	13512	17700	17550	17715	17542	17533	17634	20453	20451	20428	17630	13496	13465	13471	14977	17500	17478	17443	14386	14309	14373	14385	16059	15930	15902	18525	18536	18529	18536	18542	14347	14531	14053	18393	18278	18252	18341	18508	18384	0	0	0	17973	14045	14512	14354	15593	18224	18200	18322	16001	15872	15868	15957	0	0	0	0	0	0	0	0	0	0	0	0	0	0	0	0	0	0	0	0	0	0	0	0	0	0	0	0	0	0	0	0	1143	772	877	1589	262	227	245	248	233	252	230	241	230	216	242	242
14433	14469	14491	17233	17364	17375	17383	13254	13289	13289	17549	17526	17295	17538	17365	17284	17462	17477	17474	17464	17455	17462	13261	13251	13276	17343	17320	17149	14172	14094	14174	14162	15814	15804	15663	18292	18299	18284	18266	13882	14837	13935	18120	18163	18113	18091	18087	18167	18257	18039	18027	18027	18022	18028	13943	14858	13965	18051	18058	18249	15789	15652	15663	15761	0	0	0	0	0	0	0	0	0	0	0	0	0	0	0	0	0	0	0	0	0	0	0	0	0	0	0	0	0	0	0	0	1427	787	449	1820	263	227	246	248	233	252	231	241	231	216	242	243
14845	14865	14869	17682	17702	17715	17718	17722	13652	13638	17760	17757	17717	17718	17708	17682	17819	17840	17840	17829	17826	17826	13615	13613	15208	17707	17677	17619	14518	14450	14518	14511	16121	16105	16068	18664	18513	18507	18517	18677	14553	14485	18508	18503	18497	18470	18452	18517	18538	18400	18376	18376	18372	18387	14487	14556	15786	18568	18597	18676	16140	16013	16010	16114	0	0	0	0	0	0	0	0	0	0	0	0	0	0	0	0	0	0	0	0	0	0	0	0	0	0	0	0	0	0	0	0	1440	943	716	1729	263	227	245	248	233	252	231	241	231	216	242	243
17728	17807	17823	18055	0	0	0	0	13895	13700	13861	0	0	0	0	0	0	0	0	0	0	13855	13683	13873	17966	0	0	18021	14599	14541	14595	14616	19017	18788	18756	18609	0	0	0	0	14432	15191	14387	0	0	0	0	0	0	0	0	0	0	14390	15194	14412	18637	0	0	18570	16222	16100	16092	16080	0	0	0	0	0	0	0	0	0	0	0	0	0	0	0	0	0	0	0	0	0	0	0	0	0	0	0	0	0	0	0	0	1758	1035	1145	1027	262	227	245	248	233	252	231	242	230	216	242	242
12937	12923	12927	12951	12951	12933	12935	12954	13012	12995	12999	12977	12986	12967	12987	12978	12947	12949	12939	12931	12929	12933	12941	12953	12957	12949	12941	12919	13879	13793	13880	13886	16122	16122	14618	18450	18446	18430	18383	18591	15784	15679	18414	15588	18538	18528	18513	18731	18834	18842	18824	18831	18834	18816	18785	18842	18866	18458	18424	18412	15552	18576	15384	16707	0	0	0	0	0	0	0	0	0	0	0	0	0	0	0	0	0	0	0	0	0	0	0	0	0	0	0	0	0	0	0	0	8191	8191	1783	8191	266	227	245	247	233	251	230	241	230	215	242	242
17753	17787	17867	0	0	0	0	0	13676	13577	13573	0	0	0	0	0	0	0	0	0	0	13570	13554	13646	17826	0	0	0	14470	14408	14462	14495	18497	18471	18444	0	0	0	0	0	14207	15213	15034	0	0	0	0	0	0	0	0	0	0	15056	15209	14196	18458	0	0	0	16153	15968	15957	15953	0	0	0	0	0	0	0	0	0	0	0	0	0	0	0	0	0	0	0	0	0	0	0	0	0	0	0	0	0	0	0	0	2426	817	849	848	262	226	245	247	233	252	230	242	230	216	242	242
14101	14109	14120	16870	17108	17142	17148	12910	12919	12914	17192	17181	17196	17190	17175	17170	17129	17142	0	17135	17114	17124	12891	12881	12939	17106	17091	17057	13798	13709	13790	13790	15362	15319	15272	17822	17818	17810	17810	13442	13969	13665	17795	17782	17786	17772	17761	17766	17711	17662	0	17573	17653	17657	13636	13957	13517	17694	17677	17808	15408	15268	15293	15252	0	0	0	0	0	0	0	0	0	0	0	0	0	0	0	0	0	0	0	0	0	0	0	0	0	0	0	0	0	0	0	0	1163	1877	1472	1661	263	227	245	247	233	251	230	241	230	216	242	243
15090	17232	17236	17515	17562	17585	17598	13243	13278	13285	20260	20242	20254	20251	20239	20223	17626	20188	20182	20171	20161	20170	13264	13246	13272	17621	17604	17560	14158	14088	14164	14155	15682	18462	18434	18172	18132	18107	18114	13914	14609	13922	0	0	0	0	0	0	18114	0	0	0	0	0	13919	14560	14001	18133	18116	18130	15776	15640	15658	15612	0	0	0	0	0	0	0	0	0	0	0	0	0	0	0	0	0	0	0	0	0	0	0	0	0	0	0	0	0	0	0	0	1993	886	495	1513	263	227	245	247	234	252	231	242	230	216	242	243
14108	14114	14112	17012	17186	17225	17238	12866	12906	12910	19926	0	0	0	0	19704	0	0	0	0	0	0	12899	12873	12906	19812	19811	17280	13796	13712	13781	13790	15441	14670	14605	17918	17892	17806	17803	13579	14390	13565	0	0	0	0	0	20422	0	0	0	0	0	0	13540	14307	13652	20430	20401	17619	15408	15267	15273	15325	0	0	0	0	0	0	0	0	0	0	0	0	0	0	0	0	0	0	0	0	0	0	0	0	0	0	0	0	0	0	0	0	1331	1063	736	1267	263	227	245	248	233	252	231	241	230	216	242	243
17012	19832	19839	0	0	0	0	0	12939	12803	12916	0	0	0	0	0	0	0	0	0	0	12877	12778	12887	19721	19796	19780	19762	13708	13640	13696	13720	17669	20435	20407	0	0	0	0	0	13469	13921	13420	0	0	0	0	0	0	0	0	0	0	13446	13931	13469	20409	20382	20361	20352	15329	15202	15193	15183	0	0	0	0	0	0	0	0	0	0	0	0	0	0	0	0	0	0	0	0	0	0	0	0	0	0	0	0	0	0	0	0	1623	747	670	997	262	226	245	247	233	252	231	242	230	216	242	242
15579	17776	14885	13650	0	0	0	0	0	0	0	0	0	0	0	0	0	0	0	0	0	0	0	0	17966	0	0	0	14575	14497	14568	14597	18746	18737	15422	14192	0	0	0	0	0	0	0	0	0	0	0	0	0	0	0	0	0	0	0	0	18609	0	0	0	16261	16059	16071	16063	0	0	0	0	0	0	0	0	0	0	0	0	0	0	0	0	0	0	0	0	0	0	0	0	0	0	0	0	0	0	0	0	2591	1641	678	1180	262	227	245	247	232	252	230	241	230	215	243	242
14693	14703	14700	17451	17493	17511	17518	17526	13516	13488	13488	17732	17514	17530	17520	17508	17690	17705	17708	17694	17682	13481	13454	13485	17552	17677	17660	17619	14390	14307	14384	14373	15922	15911	15263	18403	18388	18373	18380	18550	14217	14810	14105	18397	18367	18357	18347	18383	18267	18242	18200	18229	18227	14084	14744	14207	18448	18262	18250	18253	16015	15862	15881	15907	0	0	0	0	0	0	0	0	0	0	0	0	0	0	0	0	0	0	0	0	0	0	0	0	0	0	0	0	0	0	0	0	1199	963	528	1774	263	227	245	248	232	251	230	241	230	215	242	242
13967	13963	14580	14923	13508	13444	13430	13440	13531	13527	13490	13473	13525	13585	13516	13479	13448	13511	13553	13496	13451	13438	13469	13502	13484	13446	13456	15243	14379	14281	14377	14359	14413	14401	15886	15848	14469	14268	15481	14762	14482	14173	14820	14618	14145	14120	14140	14711	14696	14112	13998	14082	14654	14772	14112	14082	14769	15471	14118	15781	16053	18445	15877	15938	0	0	0	0	0	0	0	0	0	0	0	0	0	0	0	0	0	0	0	0	0	0	0	0	0	0	0	0	0	0	0	0	2981	8191	759	2851	264	227	246	247	233	252	230	241	230	216	243	242
13987	16767	16899	17075	17104	17116	19739	12803	12801	0	0	0	19772	19776	19761	19750	19682	0	0	0	0	0	12774	12782	12831	17051	17039	16998	13679	13598	13674	13693	14553	17827	17816	17650	17638	17581	20029	13282	14313	14204	0	0	20203	0	20146	20271	20105	0	0	0	0	0	14183	14306	13334	17503	17507	17581	15291	16483	15173	15157	0	0	0	0	0	0	0	0	0	0	0	0	0	0	0	0	0	0	0	0	0	0	0	0	0	0	0	0	0	0	0	0	1590	2571	424	1222	262	227	245	247	233	252	230	241	230	216	242	242
16878	16963	16967	19674	19775	19786	19798	19808	0	12825	12873	0	19831	0	19823	19804	0	0	0	0	0	12863	12798	0	17108	0	19790	19735	13738	13646	13725	13734	17927	17914	17864	20391	20336	20295	20308	20419	19874	13887	13422	0	0	0	20139	20305	0	0	0	0	0	13415	13863	0	17585	0	20302	20441	15357	15207	15223	15202	0	0	0	0	0	0	0	0	0	0	0	0	0	0	0	0	0	0	0	0	0	0	0	0	0	0	0	0	0	0	0	0	1122	1028	503	1277	262	227	245	248	233	252	231	241	230	216	242	242
16788	16795	16915	17095	19736	19744	19757	19775	12819	12803	0	0	0	0	19778	19766	19693	0	0	0	19694	19705	12782	12789	17046	19669	19666	17049	13688	13631	13696	13702	18001	17927	17702	17663	20271	20241	20241	20293	13827	13699	0	0	0	0	20045	20228	20227	0	0	0	20149	20107	13698	13834	17706	20266	20306	17648	15310	15190	15190	15165	0	0	0	0	0	0	0	0	0	0	0	0	0	0	0	0	0	0	0	0	0	0	0	0	0	0	0	0	0	0	0	0	2252	708	772	1115	262	227	246	247	232	251	231	241	230	216	242	243
12929	12901	12901	12899	12927	12906	12883	12894	12989	12969	12949	12943	12993	13007	12947	12887	12911	12953	12963	0	12894	12877	12878	12929	12941	12925	12923	12905	13831	13754	13827	13818	15502	13949	14921	14027	13927	13910	14097	13907	13627	14481	14274	13682	13951	13938	13912	14036	14015	13845	13863	13849	13782	14186	14388	13556	13930	14160	13840	13817	15446	15310	15317	15386	0	0	0	0	0	0	0	0	0	0	0	0	0	0	0	0	0	0	0	0	0	0	0	0	0	0	0	0	0	0	0	0	1826	1684	953	2033	263	226	246	248	233	253	231	241	231	216	243	242
17266	17290	17301	20115	20151	0	0	20163	13215	13162	13155	0	0	13132	13125	20176	0	13151	13143	0	0	13151	13137	13187	20021	20135	20130	20090	14048	13999	14048	14070	18242	18205	18111	0	0	0	0	0	13778	14696	13841	0	0	14038	14006	20466	0	14017	14059	0	0	13843	14677	13774	0	0	0	0	15669	15558	15542	15533	0	0	0	0	0	0	0	0	0	0	0	0	0	0	0	0	0	0	0	0	0	0	0	0	0	0	0	0	0	0	0	0	1552	635	577	1038	262	226	245	247	233	252	230	241	230	215	243	243
14129	14134	14146	14161	14574	16987	16994	12957	12977	12994	16999	16974	16989	16978	16967	16958	17044	17186	17195	17167	17045	17029	12991	12939	12997	17002	16976	16939	13867	13785	13853	13847	15548	15420	15409	15340	15125	17997	18003	13470	13991	13530	18030	18018	17959	17848	17982	17999	17956	17778	17734	17770	17728	17740	13515	13956	13535	17949	18001	18003	15584	15342	15353	15453	0	0	0	0	0	0	0	0	0	0	0	0	0	0	0	0	0	0	0	0	0	0	0	0	0	0	0	0	0	0	0	0	1428	891	1282	2186	263	227	246	248	233	251	231	242	230	216	242	243
14227	14804	17025	17086	17265	19957	19968	19977	13018	12993	20014	19995	20011	0	20003	19989	17357	0	0	0	19942	19957	12971	12983	17300	17364	17339	17310	13884	13826	13899	13888	15326	15288	18206	17902	17870	0	0	0	13798	13912	0	0	0	0	0	0	17686	0	0	0	20308	20219	13898	13770	17943	17896	17884	17882	15554	15384	15388	15486	0	0	0	0	0	0	0	0	0	0	0	0	0	0	0	0	0	0	0	0	0	0	0	0	0	0	0	0	0	0	0	0	1838	711	541	1326	262	227	246	247	233	252	231	241	231	215	242	242
14235	14251	14253	17023	17189	17207	17286	17277	13100	13051	13060	17336	17342	17335	17323	17304	17276	0	0	17301	17276	13059	13018	13077	17170	17265	17249	17184	13949	13863	13938	13942	15485	15470	14814	18095	17942	17939	17950	17957	13634	14810	13606	17939	17939	17930	17925	17933	17843	0	0	0	17783	13607	14763	13617	18058	17838	17826	17838	15562	15418	15437	15533	0	0	0	0	0	0	0	0	0	0	0	0	0	0	0	0	0	0	0	0	0	0	0	0	0	0	0	0	0	0	0	0	1180	1165	531	1650	263	227	246	248	233	252	230	241	230	215	242	242
17493	17518	17573	17673	20477	0	0	0	13569	13535	13542	0	0	0	0	0	0	0	0	0	0	13547	13513	13560	20444	0	0	20456	14429	14364	14429	14435	18735	18590	18581	18530	0	0	0	0	14324	15458	14241	0	0	0	0	0	0	0	0	0	0	14235	15383	14293	0	0	0	0	16102	15924	15923	15899	0	0	0	0	0	0	0	0	0	0	0	0	0	0	0	0	0	0	0	0	0	0	0	0	0	0	0	0	0	0	0	0	1377	741	644	1186	263	227	246	248	233	252	231	242	231	216	243	243
15136	17335	17336	17577	17607	17672	17691	13453	13493	13481	13580	17734	17744	17740	17734	17718	17663	17678	17688	17667	17661	13504	13453	13453	13472	17536	17509	17485	14376	14296	14377	14368	15935	18739	18511	18353	18343	18289	18288	14133	15287	14503	14067	18297	18301	18278	18269	18268	18223	18201	17959	18182	18194	14073	14478	15290	14219	18241	18302	18454	15989	15848	15871	16164	0	0	0	0	0	0	0	0	0	0	0	0	0	0	0	0	0	0	0	0	0	0	0	0	0	0	0	0	0	0	0	0	1447	833	482	1491	263	227	245	248	233	252	230	241	230	216	243	243
14925	14922	13049	13046	13043	13066	17394	17414	13086	0	0	0	0	0	0	20070	20039	0	0	0	0	0	13144	13050	13150	20001	13062	13010	13979	13899	13977	13973	15461	15456	13979	14076	14084	13646	17888	17862	14038	0	0	0	0	0	0	0	0	0	0	0	0	0	13457	14028	13507	0	13656	14081	15592	15460	15474	15434	0	0	0	0	0	0	0	0	0	0	0	0	0	0	0	0	0	0	0	0	0	0	0	0	0	0	0	0	0	0	0	0	1965	954	415	1305	263	227	245	248	233	252	231	241	230	216	242	243
17447	17581	17754	20404	0	0	0	13490	13471	13462	0	0	0	0	0	0	20384	0	0	0	0	0	13426	13436	13491	17800	17788	17756	14349	14281	14341	14359	18528	18389	18378	0	0	0	0	13911	14580	14381	0	0	0	0	0	0	0	0	0	0	0	0	14365	14585	14044	18326	18274	18310	16035	15840	15834	15821	0	0	0	0	0	0	0	0	0	0	0	0	0	0	0	0	0	0	0	0	0	0	0	0	0	0	0	0	0	0	0	0	1236	672	610	1031	262	226	245	248	232	251	231	241	230	216	242	242
13971	13995	14658	16917	16946	17035	17044	17055	12789	12767	17085	17071	17086	17082	17074	17055	0	0	0	0	0	0	12746	12760	16915	17005	16988	16959	13675	13589	13658	13670	15206	14541	15017	17685	17666	17661	17649	17682	13642	13628	17658	17636	17640	17621	17615	17619	0	0	0	0	0	0	13604	13615	17790	17560	17546	17551	15289	15149	15155	15138	0	0	0	0	0	0	0	0	0	0	0	0	0	0	0	0	0	0	0	0	0	0	0	0	0	0	0	0	0	0	0	0	1372	944	552	1533	263	227	246	248	233	252	231	241	230	216	242	243
17367	17500	17524	20125	20344	0	0	20351	0	0	0	0	0	0	0	0	20228	20243	0	20234	20224	20235	20232	20253	13285	20192	20196	20122	14178	14079	14168	14188	18569	18295	18271	0	0	0	0	0	0	0	0	0	0	0	0	0	0	0	0	0	0	0	0	0	13798	0	0	0	15788	16979	15671	15651	0	0	0	0	0	0	0	0	0	0	0	0	0	0	0	0	0	0	0	0	0	0	0	0	0	0	0	0	0	0	0	0	806	2899	850	1016	263	226	246	248	233	252	231	242	230	216	243	242
14735	14738	14732	17669	17806	17816	17830	13573	13521	13613	0	20464	17856	20475	20469	17844	0	0	0	0	0	0	13599	13494	13626	20439	20430	17738	14414	14335	14414	14412	15263	15253	15123	18464	18432	18416	18414	14082	15300	14142	0	0	18178	0	0	0	0	0	0	0	0	0	14129	15254	14033	0	0	18328	16031	15888	15911	16007	0	0	0	0	0	0	0	0	0	0	0	0	0	0	0	0	0	0	0	0	0	0	0	0	0	0	0	0	0	0	0	0	1286	878	427	1313	263	227	245	248	233	252	231	241	231	216	242	243
14650	14662	14674	17383	17545	17581	17594	17546	13477	17718	17709	17696	17563	17707	17545	17512	17502	17662	17658	17652	17506	17506	17500	13444	15014	17509	17480	17325	14360	14279	14340	14362	15935	15930	15913	18438	18351	18340	18345	18468	14045	18318	18297	18292	18301	18288	18279	18372	18455	18206	18364	18267	18205	18223	18267	14038	15624	18471	18453	18502	15976	15840	15840	15828	0	0	0	0	0	0	0	0	0	0	0	0	0	0	0	0	0	0	0	0	0	0	0	0	0	0	0	0	0	0	0	0	1823	877	1778	1790	264	227	246	248	233	251	232	242	231	216	242	242
14411	14426	15082	17273	17367	17375	17383	17400	13217	13183	13209	17419	17431	17428	17422	17408	17365	17381	17383	17372	17359	13191	13155	13180	14758	17236	17211	17184	14079	13999	14084	14068	15640	15634	15599	18051	18053	18047	18055	18065	13907	14311	13782	17998	18011	17998	17981	17987	17935	17904	17839	17868	17900	13784	14331	13911	15307	18129	18163	18155	15696	15560	15583	15532	0	0	0	0	0	0	0	0	0	0	0	0	0	0	0	0	0	0	0	0	0	0	0	0	0	0	0	0	0	0	0	0	1097	949	487	1562	263	227	245	248	233	252	231	242	230	216	243	243
17142	17245	17251	20043	0	0	0	0	13176	13103	13161	0	0	0	0	0	0	0	0	0	0	13156	13081	13151	17379	20062	20049	20019	14008	13930	13986	14024	18212	18021	17999	0	0	0	0	0	13999	14897	13941	0	0	0	0	0	0	0	0	0	0	13965	14878	13991	17997	20378	0	0	15822	15491	15488	15485	0	0	0	0	0	0	0	0	0	0	0	0	0	0	0	0	0	0	0	0	0	0	0	0	0	0	0	0	0	0	0	0	1762	857	1225	890	262	226	245	247	233	251	230	241	231	215	242	242
14112	14114	14110	16879	17067	17081	17104	17131	12917	12906	17150	17150	17147	17150	17126	17124	17201	0	0	0	19790	19798	12895	12893	17053	17179	17164	17118	13794	13721	13798	13794	15315	15321	14660	18118	17894	17792	17795	18140	13782	13661	17826	17818	17827	17816	17804	17803	17669	0	0	0	20348	20356	13621	13720	17766	17729	17719	17725	15490	15278	15293	15371	0	0	0	0	0	0	0	0	0	0	0	0	0	0	0	0	0	0	0	0	0	0	0	0	0	0	0	0	0	0	0	0	2074	867	481	1640	263	227	245	247	233	252	231	241	231	216	242	242
15015	17289	17429	20103	20179	13123	13125	20217	13237	13161	13207	0	0	0	0	0	20111	0	0	20135	20119	13187	13137	13201	17405	13138	13122	17517	14068	13990	14054	14071	15407	18148	18116	0	0	13995	13770	0	13808	14522	13770	0	0	0	0	0	0	0	0	20441	0	13768	14524	13796	18111	13861	14057	17964	15681	15546	15547	15545	0	0	0	0	0	0	0	0	0	0	0	0	0	0	0	0	0	0	0	0	0	0	0	0	0	0	0	0	0	0	0	0	1127	828	639	1140	262	227	245	248	233	251	231	241	230	216	242	242
14074	14662	16923	17019	17124	17160	17176	17186	19859	12827	13271	19813	19826	19820	19810	19792	19750	19763	0	19751	19742	13265	12811	19769	17042	19725	19715	17154	13722	13648	13706	13733	15196	15155	17842	17775	17713	17682	17619	17606	0	14518	14023	20429	20462	20343	20464	20471	20330	20234	0	20267	20291	14027	14501	20323	17741	20336	20322	0	15343	15213	15207	15213	0	0	0	0	0	0	0	0	0	0	0	0	0	0	0	0	0	0	0	0	0	0	0	0	0	0	0	0	0	0	0	0	1224	831	1330	1347	262	226	245	247	233	252	231	241	230	216	242	243
17059	17279	17293	20078	0	0	0	0	13149	13116	13132	0	0	0	0	0	20035	20039	0	20025	20021	13115	13095	13112	17328	20012	20005	19979	14005	13953	14007	14019	18161	18154	17993	0	0	0	0	0	14019	14419	13733	0	0	0	0	0	0	0	0	0	0	13743	14398	14005	17939	0	0	0	15616	15514	15500	15488	0	0	0	0	0	0	0	0	0	0	0	0	0	0	0	0	0	0	0	0	0	0	0	0	0	0	0	0	0	0	0	0	1733	653	504	1098	262	227	245	248	232	251	230	241	230	215	242	242
14522	14539	15148	17405	17434	17450	17546	17561	13346	13299	13319	17578	17590	17584	17578	17558	17527	0	0	0	0	13320	13271	13324	17507	17520	17505	17476	14188	14129	14199	14188	15721	15712	18400	18217	18216	18208	18210	18529	14001	14402	13887	18165	18174	18114	18123	18223	18055	0	0	0	0	13889	14379	13978	18136	18107	18081	18081	15889	15689	15687	15644	0	0	0	0	0	0	0	0	0	0	0	0	0	0	0	0	0	0	0	0	0	0	0	0	0	0	0	0	0	0	0	0	1540	926	546	1582	263	226	246	247	234	252	231	242	231	216	242	243
16953	17117	17127	17312	20017	0	0	12961	13066	0	0	0	0	0	0	20078	20007	20025	0	0	20000	20007	20007	13114	12991	19995	19977	19944	13902	13817	13891	13910	18190	18047	18035	17803	0	0	0	13947	13688	0	0	0	0	0	0	0	0	20468	0	0	0	0	0	13666	14042	0	0	0	15520	15374	15394	15386	0	0	0	0	0	0	0	0	0	0	0	0	0	0	0	0	0	0	0	0	0	0	0	0	0	0	0	0	0	0	0	0	1402	928	697	1090	261	226	245	247	233	251	231	240	230	215	242	242
14044	14059	14066	16689	16909	16925	16913	16902	12847	12869	17055	17049	17043	17043	16903	16870	17016	17035	0	17033	17023	17017	12851	12813	14389	16901	16878	16854	13708	13661	13734	13721	15292	15287	15271	17843	17842	17680	17688	17843	13718	13477	17688	17684	17684	17665	17662	17688	17750	17586	0	17536	17566	17581	13459	13703	14989	17837	17818	17812	15406	15228	15226	15270	0	0	0	0	0	0	0	0	0	0	0	0	0	0	0	0	0	0	0	0	0	0	0	0	0	0	0	0	0	0	0	0	2690	901	519	1781	263	227	246	248	233	252	231	241	231	216	242	243
14050	14076	14076	16782	16926	17017	17033	16933	12893	12853	12857	17089	17104	17095	16942	16921	17049	0	0	0	17041	12849	12819	12857	14448	17037	17017	16982	13754	13673	13744	13738	15331	15304	15281	17746	17731	17719	17728	17742	13508	14211	13463	17730	17738	17724	17722	17722	17626	0	0	0	17571	13448	14179	13474	14970	17619	17606	17603	15374	15230	15237	15346	0	0	0	0	0	0	0	0	0	0	0	0	0	0	0	0	0	0	0	0	0	0	0	0	0	0	0	0	0	0	0	0	1129	790	845	1634	263	226	245	248	233	252	231	242	231	216	243	243
14662	14672	14666	17438	17460	17615	17636	17654	13463	17726	17851	17838	17504	17495	17696	17489	17717	0	0	0	0	0	0	13434	17493	17665	17653	17608	14349	14284	14339	14352	15873	15290	15218	18481	18479	18326	18335	18473	14052	18384	18281	18157	18347	18043	18310	18337	18307	0	0	0	0	0	0	14020	18405	18295	18218	18337	15965	15844	15829	15810	0	0	0	0	0	0	0	0	0	0	0	0	0	0	0	0	0	0	0	0	0	0	0	0	0	0	0	0	0	0	0	0	1485	723	1310	1511	263	227	246	248	233	252	231	241	231	215	243	243
14543	14547	14553	14626	15047	15059	15074	13377	13412	13399	17412	15110	15125	15134	17388	15100	17437	17594	17600	17592	17429	17434	13381	13385	13408	15325	15298	15262	14292	14230	14301	14284	15967	15951	15943	15923	15926	15894	15919	13969	14796	14584	18321	18318	15446	18286	18278	15544	18383	18353	18335	18339	18321	18290	14600	14766	14013	15707	15829	15840	15913	15790	15789	15879	0	0	0	0	0	0	0	0	0	0	0	0	0	0	0	0	0	0	0	0	0	0	0	0	0	0	0	0	0	0	0	0	1321	760	352	2235	263	226	246	248	233	252	231	242	231	216	243	242
17011	17257	17270	17408	0	0	13107	13038	13092	13071	13119	0	0	0	0	0	19971	0	0	0	19973	13090	13047	13054	13068	13113	19944	19917	13977	13900	13955	13982	18275	18109	17981	17896	0	0	13657	14135	14450	14428	13632	0	0	0	0	0	0	0	0	0	20321	13625	14432	14446	14275	13694	0	0	15589	15459	15451	15442	0	0	0	0	0	0	0	0	0	0	0	0	0	0	0	0	0	0	0	0	0	0	0	0	0	0	0	0	0	0	0	0	1068	794	818	1000	262	226	245	247	232	252	231	241	231	216	242	243
17727	17753	17772	0	0	0	0	13670	13682	0	0	0	0	0	0	0	0	0	0	0	0	0	0	13648	13682	0	0	17995	14569	14482	14540	14573	18724	18706	18671	0	0	0	0	14505	14758	0	0	0	0	0	0	0	0	0	0	0	0	0	0	14739	14603	0	0	18450	16178	16041	16038	16188	0	0	0	0	0	0	0	0	0	0	0	0	0	0	0	0	0	0	0	0	0	0	0	0	0	0	0	0	0	0	0	0	1077	934	943	1068	262	226	245	247	233	252	231	241	231	215	243	243
14726	15021	17033	17299	17323	17340	13077	13088	13177	13129	0	17387	17381	17387	17379	17364	17266	17277	17275	17273	17260	17261	13090	13122	13111	13094	16985	16973	13997	14057	14001	13997	15602	15561	18217	17955	17950	17933	14114	15511	14003	14251	0	17892	17955	17796	17902	17927	18176	17989	17904	18161	18065	18130	14289	14006	15550	14189	18165	18163	15596	15603	15495	15564	0	0	0	0	0	0	0	0	0	0	0	0	0	0	0	0	0	0	0	0	0	0	0	0	0	0	0	0	0	0	0	0	245	455	872	1660	262	226	246	247	233	252	231	241	230	216	242	243
14297	14302	14293	17158	17166	17221	17251	13071	13099	13133	17344	17324	17191	17331	17185	17156	17297	17344	0	0	0	17319	13114	13073	13104	17292	17278	17229	13982	13918	13991	13978	15571	15538	15511	17974	17959	17955	17965	13770	14417	13779	17965	17962	17967	17957	17951	17951	17872	0	0	0	0	17750	13759	14366	13831	17862	17856	17852	15604	15472	15480	15571	0	0	0	0	0	0	0	0	0	0	0	0	0	0	0	0	0	0	0	0	0	0	0	0	0	0	0	0	0	0	0	0	1210	793	353	1675	263	227	245	248	233	252	231	241	230	216	242	243
14835	14854	14853	15309	17685	17731	17704	17711	13676	13683	13646	17721	17698	17688	17680	17665	17724	17876	17876	17864	17859	13638	13665	13648	15219	17725	17708	17688	14555	14474	14541	14551	16251	16131	16119	15816	18650	18530	18538	18628	14562	14289	14507	18560	18562	18550	18550	18550	18632	18429	18411	18411	18407	14501	14280	14547	15818	18655	18643	18701	16171	16035	16035	16155	0	0	0	0	0	0	0	0	0	0	0	0	0	0	0	0	0	0	0	0	0	0	0	0	0	0	0	0	0	0	0	0	1183	1101	695	2045	263	226	246	248	232	252	231	241	231	215	242	243
14710	14743	14740	17451	17642	17682	17711	13531	13523	13545	17782	17766	17778	17774	17758	17744	17744	17787	0	0	17736	17742	13542	13493	13564	17733	17719	17682	14384	14340	14410	14399	15939	15939	15923	18544	18398	18397	18405	13945	14547	14114	18412	18407	18414	18400	18393	18407	18339	0	0	0	18238	18262	14098	14534	13945	18326	18317	18315	16060	15892	15904	15976	0	0	0	0	0	0	0	0	0	0	0	0	0	0	0	0	0	0	0	0	0	0	0	0	0	0	0	0	0	0	0	0	2181	993	393	1722	263	226	246	248	233	252	231	242	230	216	242	243
15169	17363	17365	17516	17646	17665	17673	17686	13355	13326	13354	20338	20338	20336	20329	20311	17673	20286	20284	20271	20251	13350	13305	13329	17617	17652	17638	17600	14228	14147	14211	14242	15680	18570	18376	18262	18223	18210	18206	18219	14055	14282	13866	0	0	0	0	0	18213	0	0	0	0	13867	14251	14035	18286	18237	18216	18222	15838	15700	15710	15700	0	0	0	0	0	0	0	0	0	0	0	0	0	0	0	0	0	0	0	0	0	0	0	0	0	0	0	0	0	0	0	0	1413	1251	814	1330	263	227	245	248	233	252	231	241	231	216	243	242
14714	17481	17491	17811	20287	20451	20456	20297	14551	13479	13502	0	0	0	0	20459	0	0	0	0	0	13497	13450	14514	17741	20404	20395	20361	14380	14297	14376	14381	15263	18686	18515	18337	0	0	0	0	15125	15265	14031	0	0	0	0	0	0	0	0	0	0	14024	15235	15107	18313	0	0	0	15993	15852	15877	15844	0	0	0	0	0	0	0	0	0	0	0	0	0	0	0	0	0	0	0	0	0	0	0	0	0	0	0	0	0	0	0	0	1334	1154	549	1263	263	227	246	248	233	252	231	241	231	216	242	243
17359	17495	17502	20295	20321	0	0	0	13364	0	0	13332	0	0	0	0	0	0	0	0	13336	13339	0	13339	13435	20290	20283	20249	14248	14184	14225	14271	18443	18333	18236	0	0	0	0	0	14247	0	14407	14327	0	0	0	0	0	0	0	0	14325	14413	0	14243	13836	0	0	0	15861	15745	15728	15900	0	0	0	0	0	0	0	0	0	0	0	0	0	0	0	0	0	0	0	0	0	0	0	0	0	0	0	0	0	0	0	0	1413	684	1348	1003	262	226	245	248	233	252	231	242	230	216	243	243
17212	17299	19936	0	0	0	0	0	13025	12967	12979	0	0	0	0	0	19935	19961	0	19944	19946	12955	12939	12981	17188	19902	19910	19869	13867	13785	13844	13878	17898	17839	0	0	0	0	0	0	13626	14309	13678	0	0	0	0	0	0	20475	0	20397	20478	13724	14311	13634	17784	0	0	0	15480	15348	15350	15345	0	0	0	0	0	0	0	0	0	0	0	0	0	0	0	0	0	0	0	0	0	0	0	0	0	0	0	0	0	0	0	0	1473	796	820	917	262	226	246	248	233	252	231	241	230	216	242	243
14736	17477	17485	17650	17815	20445	20455	0	13535	13494	13542	0	0	0	0	0	0	0	0	0	0	13538	13467	13507	17744	0	17813	17758	14386	14314	14379	14401	15950	18532	18518	18479	18452	0	0	0	14285	14692	14071	0	0	0	0	0	0	0	0	0	0	14058	14693	14266	18405	0	18302	18352	16065	15871	15875	15865	0	0	0	0	0	0	0	0	0	0	0	0	0	0	0	0	0	0	0	0	0	0	0	0	0	0	0	0	0	0	0	0	2808	983	738	1218	263	227	246	248	233	252	231	242	230	216	242	242
14681	14716	14727	15188	17272	17571	17566	17561	13595	13507	17608	17594	17577	17571	17545	17505	17536	17700	17711	17688	17520	17527	13475	13567	15010	15095	17387	15061	14397	14328	14406	14388	15970	15954	15931	18509	18521	18477	18348	18558	14454	14566	18367	18367	18376	18371	18364	18364	18471	18260	18223	18418	18275	18297	14547	14434	15666	18488	18473	15916	16023	15883	15904	15978	0	0	0	0	0	0	0	0	0	0	0	0	0	0	0	0	0	0	0	0	0	0	0	0	0	0	0	0	0	0	0	0	1577	906	527	1793	263	227	245	247	233	252	231	241	230	215	242	242
17586	17609	17612	0	0	0	0	0	13506	13474	13553	0	0	0	0	0	0	0	0	0	0	0	13462	13504	0	0	0	0	14362	14313	14366	14390	18533	18521	18498	0	0	0	0	0	14345	14545	14059	0	0	0	0	0	0	0	0	0	0	0	14522	14291	0	0	0	0	16049	15868	15858	15964	0	0	0	0	0	0	0	0	0	0	0	0	0	0	0	0	0	0	0	0	0	0	0	0	0	0	0	0	0	0	0	0	2605	728	636	965	262	226	245	247	232	252	230	241	231	215	242	242
15301	17476	17472	17641	17783	17800	17807	13520	13510	13497	20457	20432	20445	20441	20435	20422	0	0	0	0	0	0	13481	13488	13551	17761	17752	17723	14386	14328	14389	14399	15613	18556	18525	18368	18341	18329	18332	14010	14524	14359	0	0	0	0	0	0	0	0	0	0	0	0	14350	14466	13961	18298	18266	18324	16009	15888	15883	15865	0	0	0	0	0	0	0	0	0	0	0	0	0	0	0	0	0	0	0	0	0	0	0	0	0	0	0	0	0	0	0	0	1525	895	576	1251	262	226	245	248	233	252	231	241	231	215	243	243
14146	14161	16843	17085	17103	17138	17147	17197	17193	17261	17254	17239	17150	17146	17135	17121	17120	17131	17129	17112	17114	17121	17117	17135	15080	17097	17049	17023	13814	13745	13827	13812	14731	14708	18010	17776	17778	17768	17770	17770	17835	17807	17773	17764	17787	17766	17756	17758	17742	17738	17715	17711	17719	17723	17715	17738	15612	17750	17733	17746	15438	15303	15329	15275	0	0	0	0	0	0	0	0	0	0	0	0	0	0	0	0	0	0	0	0	0	0	0	0	0	0	0	0	0	0	0	0	1440	1725	598	1558	263	227	246	248	233	252	230	242	230	216	242	242
14946	14991	15499	17623	17825	17855	17918	17926	13710	13692	17961	17942	17957	17950	17934	17917	18023	0	0	0	0	0	13669	13670	17765	18086	18061	18026	14569	14500	14592	14573	16045	16050	16009	18716	18709	18690	18662	18680	14643	14541	18565	18550	18561	18486	18488	18570	18641	0	0	0	0	0	14521	14612	18691	18650	18618	18628	16265	16056	16092	16157	0	0	0	0	0	0	0	0	0	0	0	0	0	0	0	0	0	0	0	0	0	0	0	0	0	0	0	0	0	0	0	0	3387	1035	342	1602	262	227	245	247	232	252	230	241	230	215	242	242
14643	14652	14649	17473	17483	17498	17508	13387	13408	13424	17671	17650	17657	17652	17514	17502	17424	17578	17573	17428	17408	17416	13381	13364	13391	17267	15273	15246	14290	14200	14281	14275	15879	15822	15542	18323	18249	18187	18187	13971	14783	14023	18204	18197	18215	18193	18190	18194	18368	18294	18249	18281	18279	18294	13995	14762	14008	18363	15758	15802	15903	15752	15778	15856	0	0	0	0	0	0	0	0	0	0	0	0	0	0	0	0	0	0	0	0	0	0	0	0	0	0	0	0	0	0	0	0	1398	1109	790	1795	263	227	245	248	233	252	231	241	231	216	242	243
14333	17095	17089	17357	17407	17420	17431	13125	13165	17489	17474	17464	17470	17477	13151	13105	13129	13176	20166	20151	17383	17388	17379	13122	13149	17367	17359	17331	14066	13950	14038	14034	14919	18306	18294	17994	17999	17995	18001	13782	14014	18037	18015	18014	18014	18001	13715	14482	14499	13739	0	0	17852	17917	17921	14022	13884	17965	17948	17951	15673	15550	15542	15620	0	0	0	0	0	0	0	0	0	0	0	0	0	0	0	0	0	0	0	0	0	0	0	0	0	0	0	0	0	0	0	0	524	1829	858	1465	263	226	245	247	232	252	231	241	230	216	243	242
13413	13350	15253	17585	17612	17653	17672	13428	13430	13459	17731	17718	17705	17703	17673	17647	17617	17623	17617	17603	17604	17607	13426	13393	13438	17603	17572	17545	14316	14228	14303	14321	13927	14578	15739	18263	18275	18266	18268	14053	15127	14093	18290	18281	18292	18282	18269	18269	18427	18234	18213	18213	18215	18225	14190	15127	14232	18491	18476	18482	15932	15784	15797	15901	0	0	0	0	0	0	0	0	0	0	0	0	0	0	0	0	0	0	0	0	0	0	0	0	0	0	0	0	0	0	0	0	1252	1255	731	1753	263	226	245	248	233	252	231	241	230	216	243	242
14554	17367	17375	20249	20297	20324	20329	20329	13342	13319	0	0	0	0	0	20336	20284	0	0	0	20295	20297	13294	13309	19973	20283	20269	20238	14250	14133	14211	14225	15082	18393	18381	0	0	0	0	0	14042	14091	0	0	0	0	0	0	0	0	0	0	0	0	14067	14023	0	0	0	0	15863	15690	15712	15780	0	0	0	0	0	0	0	0	0	0	0	0	0	0	0	0	0	0	0	0	0	0	0	0	0	0	0	0	0	0	0	0	336	1163	823	1137	263	226	245	248	233	252	232	242	230	216	242	243
14938	14942	17692	17851	18026	0	0	18093	13747	13723	13755	0	0	0	0	0	0	0	0	0	0	13743	13691	13708	17938	17953	17951	17922	14622	14528	14616	14614	15545	15482	18760	18727	18561	0	0	18521	15144	15253	14127	0	0	0	0	0	0	0	0	0	0	14091	15251	15100	18705	18480	18397	18586	16237	16082	16121	16364	0	0	0	0	0	0	0	0	0	0	0	0	0	0	0	0	0	0	0	0	0	0	0	0	0	0	0	0	0	0	0	0	1198	1126	665	1391	263	227	245	248	233	252	231	241	231	216	243	243
13991	14005	14005	16812	16815	16830	16830	16838	12805	12755	12770	16974	16850	16846	16831	16816	16787	19631	16928	16915	16762	12751	12724	12764	14278	14338	16752	14301	13646	13585	13656	13637	15220	15214	15190	17775	17603	17600	17600	17814	13377	14127	13350	17623	17608	17562	17577	17621	17722	17506	17491	17494	17606	13348	14108	13364	14907	14605	17762	15176	15275	15148	15147	15208	0	0	0	0	0	0	0	0	0	0	0	0	0	0	0	0	0	0	0	0	0	0	0	0	0	0	0	0	0	0	0	0	1416	662	450	1896	263	227	246	248	234	252	231	242	230	216	242	243
14042	14048	16819	17160	17190	19790	19802	19636	19879	12801	19844	19830	19844	19834	19827	19810	19763	0	0	0	19757	19770	12783	19769	17079	19739	17171	17114	13712	13641	13690	13725	14590	14514	17848	17728	17700	20311	20299	20455	20374	13738	20286	20251	20262	20189	20280	20326	20209	0	0	0	0	0	13716	20253	17752	20329	20306	17685	16029	15201	15193	15183	0	0	0	0	0	0	0	0	0	0	0	0	0	0	0	0	0	0	0	0	0	0	0	0	0	0	0	0	0	0	0	0	1237	763	1198	1210	263	227	245	248	233	252	231	241	231	216	243	243
17346	17388	17425	20188	0	0	0	0	13314	13179	13237	0	0	0	0	0	0	0	0	0	0	13233	13146	13280	20073	20186	20172	20146	14089	13997	14066	14098	18269	18037	18015	0	0	0	0	0	13600	14351	13969	0	0	0	0	0	0	0	0	0	0	13965	14339	0	0	0	0	0	15702	15550	15573	15562	0	0	0	0	0	0	0	0	0	0	0	0	0	0	0	0	0	0	0	0	0	0	0	0	0	0	0	0	0	0	0	0	1378	1554	867	907	262	226	246	247	233	252	231	241	230	216	242	242
14516	14531	14563	14590	14604	14626	14636	14649	14686	13437	13415	14647	14652	14652	14651	14632	17426	17460	17491	17484	17385	13404	13413	17365	14883	14905	14881	14855	14311	14256	14334	14305	16023	16023	16009	15799	15597	15587	15578	15926	15648	13965	14002	15590	15538	15472	15464	15601	18496	18423	18411	18405	18343	13997	13882	18456	15512	15466	15654	15778	15928	15822	15828	15892	0	0	0	0	0	0	0	0	0	0	0	0	0	0	0	0	0	0	0	0	0	0	0	0	0	0	0	0	0	0	0	0	1549	882	337	2894	264	227	246	248	233	252	231	241	230	216	243	242
13881	12897	12759	12967	13887	13905	13926	13957	12833	12814	13956	13930	13925	13938	13963	13943	14564	14574	14580	14581	14562	14560	12786	12799	12863	13858	13500	13469	13716	13630	13706	13698	15479	13488	15461	15454	15353	15171	15179	15177	14088	14065	15199	15185	15199	15195	15185	15209	15181	15127	15242	15259	15115	15141	14042	14066	15358	15265	15256	15256	15412	15187	15194	16355	0	0	0	0	0	0	0	0	0	0	0	0	0	0	0	0	0	0	0	0	0	0	0	0	0	0	0	0	0	0	0	0	2430	1063	1934	8191	266	227	245	248	233	252	230	241	230	215	242	243
14422	14434	14438	17319	17383	17426	17429	17437	13256	13208	13229	17500	17487	17500	17481	17477	17412	17423	17419	17405	17403	13216	13176	13223	17301	17398	17379	17352	14103	14023	14100	14101	15529	15021	14993	18146	18106	18031	18037	18110	13818	14198	13764	18051	18059	18043	18037	18031	18105	17985	17974	17975	17971	13760	14171	13800	18159	17993	17977	18102	15726	15581	15596	15564	0	0	0	0	0	0	0	0	0	0	0	0	0	0	0	0	0	0	0	0	0	0	0	0	0	0	0	0	0	0	0	0	1256	884	549	1617	264	227	246	248	233	252	231	241	231	216	242	243
14514	14521	17210	17392	13248	13235	13271	17567	13283	17627	20227	20213	17602	20226	20217	17590	0	0	0	0	0	0	0	13258	13328	13295	13233	13243	14173	14099	14175	14178	15634	15627	18418	18128	14311	14732	13887	18136	14477	18138	0	0	18105	0	0	18103	0	0	0	0	0	0	0	14460	13836	13905	14737	14338	15792	15657	15666	15752	0	0	0	0	0	0	0	0	0	0	0	0	0	0	0	0	0	0	0	0	0	0	0	0	0	0	0	0	0	0	0	0	1193	894	375	1271	262	227	246	248	233	252	231	242	230	216	243	242
14748	14778	14774	17460	17619	17656	17649	13534	13560	13573	17806	17787	17632	17647	17619	17584	17715	17734	17732	17722	17700	17703	13546	13521	13556	17606	17587	17562	14437	14362	14435	14432	16023	16007	15871	18561	18424	18416	18425	14086	14639	14136	18393	18424	18397	18374	18359	18446	18513	18301	18288	18286	18284	18292	14118	14631	14152	18434	18527	18570	16144	15923	15929	16005	0	0	0	0	0	0	0	0	0	0	0	0	0	0	0	0	0	0	0	0	0	0	0	0	0	0	0	0	0	0	0	0	1765	1005	558	1800	263	227	245	248	233	252	230	242	231	216	243	242
14955	17258	17266	20007	20139	0	0	13132	13146	13153	0	0	0	0	0	0	20091	0	0	0	20103	20109	13143	13129	13161	20081	20065	20031	14036	13939	14008	14045	15337	18140	18089	0	0	0	0	13656	14537	13738	0	0	0	0	0	0	0	0	0	0	20373	20479	13956	14531	13752	0	0	0	15642	15500	15512	15506	0	0	0	0	0	0	0	0	0	0	0	0	0	0	0	0	0	0	0	0	0	0	0	0	0	0	0	0	0	0	0	0	1327	1915	1750	940	262	226	246	248	233	252	231	242	230	216	242	242
14622	14659	14668	17357	17515	17529	17530	13428	13450	13454	17709	17692	17558	17553	17536	17520	17636	17650	17643	17631	17626	17634	13437	13418	13457	17509	17479	17449	14316	14266	14333	14321	15934	15895	15810	18416	18314	18314	18322	14001	14668	14151	18300	18326	18292	18281	18260	18333	18227	18194	18166	18180	18178	18186	14149	14654	14060	18221	18207	18397	15997	15824	15821	15773	0	0	0	0	0	0	0	0	0	0	0	0	0	0	0	0	0	0	0	0	0	0	0	0	0	0	0	0	0	0	0	0	3235	778	453	1813	263	227	245	248	233	251	231	241	231	216	242	243
14507	15095	17163	17363	17390	17495	17505	17520	13309	13247	13280	17532	17541	17530	17526	17508	17444	17455	17450	17437	17426	13253	13224	13271	17113	17413	17326	17300	14144	14078	14146	14146	15630	15550	18296	18162	18148	18132	18131	18150	13886	14473	13851	18091	18091	18074	18071	18069	18148	18014	18002	18001	17999	13851	14489	13877	18215	18053	18113	18305	15764	15638	15635	15726	0	0	0	0	0	0	0	0	0	0	0	0	0	0	0	0	0	0	0	0	0	0	0	0	0	0	0	0	0	0	0	0	1429	747	503	1628	263	227	245	247	233	252	231	241	231	216	243	242
15125	17399	17434	17594	20235	20249	20260	20277	13282	13336	0	0	0	0	0	20282	0	0	0	0	0	0	13309	13250	13324	20219	20210	20169	14164	14103	14164	14188	15624	18477	18303	18101	0	0	0	0	14578	13847	0	0	0	0	0	0	0	0	0	0	0	0	13833	14551	13856	0	0	0	15881	15663	15656	15790	0	0	0	0	0	0	0	0	0	0	0	0	0	0	0	0	0	0	0	0	0	0	0	0	0	0	0	0	0	0	0	0	2905	800	484	1151	263	227	245	247	233	252	231	241	231	216	242	242
14356	14357	14353	17083	17298	17336	17350	13103	13123	13136	17414	17400	17381	17365	17338	17317	17316	17352	17340	17329	17311	17324	13122	13107	13133	17097	17096	17058	14005	13945	14003	14014	15556	14905	14871	17997	17977	17971	17975	13678	14276	13802	17985	17974	17987	17971	17965	17961	17973	17939	17921	17918	17927	17935	13825	14328	13728	17967	17949	18116	15627	15507	15495	15604	0	0	0	0	0	0	0	0	0	0	0	0	0	0	0	0	0	0	0	0	0	0	0	0	0	0	0	0	0	0	0	0	1930	922	717	1604	263	227	246	248	233	252	231	242	231	215	243	243
16738	16744	16913	17095	17125	19790	19801	12783	12811	12821	0	0	0	0	0	19797	19751	19779	0	19782	19753	19759	12813	12793	12821	19743	19733	19700	13686	13630	13696	13710	18074	18069	17812	17762	17566	20300	20305	13449	14390	13483	0	0	0	0	0	20441	20329	20301	0	20155	20316	20323	13490	14347	13536	20350	20337	20332	15305	15188	15190	15175	0	0	0	0	0	0	0	0	0	0	0	0	0	0	0	0	0	0	0	0	0	0	0	0	0	0	0	0	0	0	0	0	1976	1044	710	1159	263	226	245	248	232	251	231	241	231	215	243	242
17082	17116	17141	17238	17417	20046	20055	20096	13114	13103	20111	20096	0	0	0	20062	0	0	0	0	0	0	13080	13074	17364	20008	20007	17413	13994	13902	13985	13994	18326	18314	18301	17989	17921	0	0	0	13991	13875	0	0	0	0	0	0	0	0	0	0	0	0	13843	13981	18032	0	0	17902	15606	15457	15488	15466	0	0	0	0	0	0	0	0	0	0	0	0	0	0	0	0	0	0	0	0	0	0	0	0	0	0	0	0	0	0	0	0	1159	1684	873	1205	262	227	245	248	233	252	231	241	230	216	242	242
14170	16965	16959	17147	19765	19772	19790	12815	12853	12853	19826	19809	19822	0	19805	19794	19728	0	0	0	0	0	12830	12819	12847	19703	19699	19670	13741	13667	13728	13754	14652	17742	17728	17656	20290	20262	20155	13477	14887	14019	0	20101	0	0	20189	20258	20220	0	0	0	0	0	14002	14870	13546	20310	20463	0	15360	15228	15226	15215	0	0	0	0	0	0	0	0	0	0	0	0	0	0	0	0	0	0	0	0	0	0	0	0	0	0	0	0	0	0	0	0	1168	808	783	1016	262	227	245	248	233	251	230	241	230	216	242	242
14706	14719	14712	17612	17773	17800	17807	13492	13490	13544	20464	20450	20459	20455	20448	20436	17792	20433	20436	20415	20387	20410	20401	13463	13519	17824	17798	17770	14364	14309	14377	14372	15914	15245	15077	18435	18376	18329	18335	14023	14493	13930	0	0	0	0	0	0	18362	0	0	0	0	0	0	14493	14088	18365	18352	18363	15977	15865	15868	15828	0	0	0	0	0	0	0	0	0	0	0	0	0	0	0	0	0	0	0	0	0	0	0	0	0	0	0	0	0	0	0	0	1965	924	648	1522	263	226	245	248	233	252	230	241	230	216	242	242
14189	14196	14199	16955	17059	17077	17087	17094	13007	12981	17214	17104	17081	17100	17074	17031	17193	17229	20067	17218	17203	17208	12963	12982	14590	17197	17181	17083	13879	13801	13872	13874	15529	15245	14816	18011	17886	17880	17886	17896	13719	13758	17878	17878	17882	17858	17854	17870	17862	17786	17742	17757	17768	17773	13730	13695	15119	17798	17782	17888	15495	15367	15370	15457	0	0	0	0	0	0	0	0	0	0	0	0	0	0	0	0	0	0	0	0	0	0	0	0	0	0	0	0	0	0	0	0	1516	915	512	1696	263	227	246	248	233	252	230	242	230	215	243	242
15586	17791	17791	0	0	0	0	0	13683	13666	0	0	0	0	0	0	0	0	0	0	0	0	13654	13657	0	0	0	0	14559	14499	14560	14569	16103	18904	18741	0	0	0	0	0	14562	14464	0	0	0	0	0	0	0	0	0	0	0	0	14409	14543	0	0	0	0	16181	16060	16053	16034	0	0	0	0	0	0	0	0	0	0	0	0	0	0	0	0	0	0	0	0	0	0	0	0	0	0	0	0	0	0	0	0	1222	733	628	1110	263	227	246	247	234	252	231	242	230	216	243	242
14804	15372	17585	17702	17870	17882	0	17909	13575	13540	13534	13660	0	0	0	0	17868	0	0	0	13611	13527	13519	13546	17824	17868	17865	17825	14433	14373	14433	14442	15897	15820	18718	18427	18415	18385	0	18371	14253	15398	14522	14119	0	0	0	0	18232	0	0	0	14166	14532	15340	14243	18480	18418	18386	18408	16202	15935	15925	15915	0	0	0	0	0	0	0	0	0	0	0	0	0	0	0	0	0	0	0	0	0	0	0	0	0	0	0	0	0	0	0	0	1579	866	978	1248	263	226	245	248	233	252	231	242	230	216	242	243
14063	16831	16969	17179	19834	19867	19871	19886	12881	12866	19914	19898	19895	0	19884	19863	19835	0	0	0	0	19840	12849	12847	19715	19826	19810	19774	13874	13670	13742	13757	14551	17921	17894	17715	20407	20383	20408	20414	13763	13712	20228	0	20426	0	20415	20426	20358	0	0	0	0	20279	13670	13747	20422	20397	20387	20382	15437	15226	15248	15230	0	0	0	0	0	0	0	0	0	0	0	0	0	0	0	0	0	0	0	0	0	0	0	0	0	0	0	0	0	0	0	0	251	958	614	1049	262	227	245	248	233	252	231	241	230	216	242	243
14198	14209	14605	17095	17133	17166	17182	17208	17258	17249	17236	17214	17227	17232	17217	17203	17096	17191	0	0	17116	17114	12975	12986	14527	17063	17055	16947	13895	13810	13888	13887	15433	15424	15405	17983	17886	17850	17850	18039	17843	17812	17784	17772	17802	17772	17764	17770	17962	17665	0	0	17707	17715	13470	13492	15108	18277	18215	18442	15574	15369	15390	15490	0	0	0	0	0	0	0	0	0	0	0	0	0	0	0	0	0	0	0	0	0	0	0	0	0	0	0	0	0	0	0	0	1719	943	1065	1744	263	227	246	248	233	251	230	241	230	216	242	243
13727	13698	13632	13646	13680	13690	13662	13648	13715	13692	13686	13674	13694	13670	13662	13646	13642	13625	13632	13638	13613	13648	13646	13682	13682	13684	13694	13668	14579	14499	14570	14581	14728	14730	14869	14754	14693	14684	14639	15190	14723	15171	14360	15162	14732	14708	15015	16134	16223	14902	14684	14573	14942	14457	14969	14591	15342	14670	14737	14729	16259	16059	16065	16159	0	0	0	0	0	0	0	0	0	0	0	0	0	0	0	0	0	0	0	0	0	0	0	0	0	0	0	0	0	0	0	0	1564	840	751	1411	262	226	245	247	233	251	231	241	230	216	242	243
14535	14547	14555	17438	17483	17593	17596	17592	13346	13318	17654	17646	17630	17645	17632	17612	17553	17575	0	17559	17552	17550	13292	13311	17496	17543	17526	17501	14207	14152	14213	14206	15667	15125	15081	18281	18174	18162	18170	18184	14411	14524	18150	18138	18174	18153	18149	18154	18120	18063	0	18074	18087	18097	14524	14390	18169	18136	18115	18112	15901	15710	15704	15662	0	0	0	0	0	0	0	0	0	0	0	0	0	0	0	0	0	0	0	0	0	0	0	0	0	0	0	0	0	0	0	0	1619	770	1163	1582	263	227	246	248	233	252	231	242	231	216	243	242
14608	14623	14624	17491	17554	17593	17619	17647	13414	13385	13376	17645	17657	17654	17649	17632	17565	17590	17586	17571	17567	13348	13354	13378	14907	17536	17515	17427	14284	14192	14284	14271	15824	15548	15133	18282	18200	18189	18190	18262	14271	14480	14260	18189	18200	18179	18171	18179	18140	18105	18071	18098	18101	14259	14490	14263	15539	18136	18377	18376	15895	15746	15781	15856	0	0	0	0	0	0	0	0	0	0	0	0	0	0	0	0	0	0	0	0	0	0	0	0	0	0	0	0	0	0	0	0	1142	1284	506	1774	264	227	246	248	234	253	231	242	231	216	243	243
14887	14891	17640	17795	17826	17963	17967	17983	13682	13668	18011	17998	0	18010	18006	17986	0	0	0	0	0	0	13642	13640	17892	0	0	17926	14568	14478	14543	14546	16083	15405	18816	18622	18601	18573	18569	18587	14803	14526	18518	18412	18511	0	18405	18483	0	0	0	0	0	0	14487	14771	18560	0	0	18493	16181	16038	16046	16013	0	0	0	0	0	0	0	0	0	0	0	0	0	0	0	0	0	0	0	0	0	0	0	0	0	0	0	0	0	0	0	0	1095	833	1819	1436	262	227	245	248	233	252	230	241	230	216	242	243
14083	16782	16783	17057	17094	17114	17130	17150	12902	12843	17167	17155	17163	17171	17148	17143	17061	0	0	19934	19664	17059	12805	12861	16941	17051	17037	17006	13748	13662	13749	13732	15162	17991	17836	17711	17688	17681	17685	17698	13383	14354	17685	17688	17690	17627	17666	17677	17738	0	0	20466	20471	17563	14351	13383	17821	17633	17675	17750	15488	15219	15248	15342	0	0	0	0	0	0	0	0	0	0	0	0	0	0	0	0	0	0	0	0	0	0	0	0	0	0	0	0	0	0	0	0	1102	850	332	1357	263	226	245	248	233	252	231	241	231	216	242	243
17116	17133	17152	0	0	0	0	0	12982	12961	13006	0	0	0	0	0	0	0	0	0	0	12993	12944	12955	19865	0	0	20106	13849	13790	13847	13868	18008	17844	17590	0	0	0	0	0	13819	13878	13490	0	0	0	0	0	0	0	0	0	0	13440	13874	13811	0	0	0	0	15474	15350	15342	15453	0	0	0	0	0	0	0	0	0	0	0	0	0	0	0	0	0	0	0	0	0	0	0	0	0	0	0	0	0	0	0	0	1426	697	872	992	263	228	246	248	233	252	231	242	231	216	243	243
0	0	0	0	0	0	0	13462	13481	13469	0	0	0	0	0	0	0	0	0	0	0	0	13444	13445	13489	0	0	0	14370	14275	14347	14369	0	0	0	0	0	0	0	13978	14539	14381	0	0	0	0	0	0	0	0	0	0	0	0	14357	14514	14052	0	0	0	15978	15833	15852	15840	0	0	0	0	0	0	0	0	0	0	0	0	0	0	0	0	0	0	0	0	0	0	0	0	0	0	0	0	0	0	0	0	799	828	685	597	262	226	245	247	233	252	231	241	230	215	242	242
17069	17092	17103	19927	0	0	0	0	12983	0	0	0	0	0	0	0	0	0	0	0	0	0	0	12959	19849	19958	19946	19910	13864	13789	13859	13868	18002	18002	17820	20193	0	0	0	0	13638	0	0	0	0	0	0	0	0	0	0	0	0	0	0	13573	0	0	0	0	15483	15348	15358	15343	0	0	0	0	0	0	0	0	0	0	0	0	0	0	0	0	0	0	0	0	0	0	0	0	0	0	0	0	0	0	0	0	2249	1132	497	1040	262	226	246	248	233	252	231	241	231	217	242	243
14812	14851	17545	17709	17744	17835	17852	17871	13619	13588	13586	17879	17886	17882	17874	17858	17806	17815	0	17811	17799	13570	13553	13580	17680	17788	17780	17742	14486	14411	14490	14473	16019	15363	18745	18494	18492	18479	18484	18498	14272	14841	14212	18393	18414	18388	18387	18385	18359	18279	0	18094	18300	14198	14835	14268	18575	18359	18346	18491	16143	15966	15981	16061	0	0	0	0	0	0	0	0	0	0	0	0	0	0	0	0	0	0	0	0	0	0	0	0	0	0	0	0	0	0	0	0	1210	732	485	1584	263	227	246	248	233	252	231	241	231	215	242	243
14628	14636	17298	17473	17621	17643	17660	13329	13332	13312	13366	20297	17688	0	20302	17669	0	0	0	0	0	13354	13298	13311	13356	17604	17594	17562	14217	14157	14211	14238	15744	15015	18490	18223	18170	18151	18138	13802	14608	14610	13830	0	17950	0	0	18067	0	0	0	0	0	0	14578	14588	13833	18146	18125	18160	15834	15714	15704	15693	0	0	0	0	0	0	0	0	0	0	0	0	0	0	0	0	0	0	0	0	0	0	0	0	0	0	0	0	0	0	0	0	1520	794	838	1249	262	227	245	248	233	251	230	241	230	216	242	242
14783	17483	17481	17700	17806	17843	17850	17859	17902	13562	13535	13542	17863	0	17874	17864	17791	17815	0	17795	13527	13516	13523	17812	17725	17764	17748	17714	14442	14373	14444	14440	15339	18702	18686	18393	18393	18385	18396	18405	18446	14309	14973	14207	18376	0	0	18374	18353	18301	0	18266	14221	15029	14304	18097	18394	18374	18351	18345	16064	15929	15939	16029	0	0	0	0	0	0	0	0	0	0	0	0	0	0	0	0	0	0	0	0	0	0	0	0	0	0	0	0	0	0	0	0	1701	919	481	1456	263	227	245	247	233	251	231	241	230	216	242	243
14024	14042	14052	16889	16895	16915	16918	16870	16925	12822	17033	17025	16850	16937	16842	16834	16874	16899	16915	17004	16856	16860	12782	16863	14352	16856	16842	14672	13724	13636	13722	13702	15367	15267	15253	17839	17839	17784	17684	17856	17754	13823	17705	17704	17666	17645	17677	17709	17802	17792	17794	17790	17761	17718	13806	17799	14973	17806	17786	15037	15343	15197	15226	15297	0	0	0	0	0	0	0	0	0	0	0	0	0	0	0	0	0	0	0	0	0	0	0	0	0	0	0	0	0	0	0	0	1089	960	603	2028	263	227	245	247	233	251	231	241	230	216	242	243
14338	14357	14374	17215	17221	17251	17252	17211	13142	17411	17394	17383	17225	17394	17384	17189	17333	17354	20117	17346	17340	17344	17335	13118	14678	17202	17185	17162	14025	13951	14011	14029	15597	15593	15573	18031	18019	18005	18013	18166	13704	17994	17967	17959	17973	17957	17939	17949	17930	17796	0	17642	17862	17872	17888	13695	15297	17940	18124	18120	15644	15511	15507	15571	0	0	0	0	0	0	0	0	0	0	0	0	0	0	0	0	0	0	0	0	0	0	0	0	0	0	0	0	0	0	0	0	1788	891	704	1659	263	226	245	248	233	251	230	241	229	216	242	243
14331	14329	14327	14353	14371	14402	14439	13268	13283	14489	14474	14455	14460	14465	14464	14444	14405	15141	17265	15125	15100	15102	15087	13243	13290	14300	14530	14271	14177	14088	14168	14146	15728	15734	15718	15688	15667	15260	15265	13800	14168	15281	15019	15007	15263	14997	15089	15279	14909	15447	18391	15433	15629	15652	15648	14160	13869	14836	15670	15666	15800	15650	15660	15732	0	0	0	0	0	0	0	0	0	0	0	0	0	0	0	0	0	0	0	0	0	0	0	0	0	0	0	0	0	0	0	0	1207	863	565	3472	265	227	245	248	233	251	231	241	230	216	242	243
14297	14311	14316	17085	17100	17121	17134	17137	13268	13094	17161	17145	17148	17139	17141	17127	17308	17329	17338	17325	17302	17304	13059	13240	17172	17275	17260	17202	14003	13907	13998	13986	15540	15525	15464	18122	17978	17971	17981	17991	13941	14274	18011	18005	18007	17994	17986	17983	17930	17906	17878	17870	17866	17870	14275	13874	18073	18033	17892	18017	15616	15460	15498	15552	0	0	0	0	0	0	0	0	0	0	0	0	0	0	0	0	0	0	0	0	0	0	0	0	0	0	0	0	0	0	0	0	1070	1573	850	1815	263	227	245	248	233	252	230	241	230	216	242	242
15030	17145	17293	17367	17522	20197	20192	20280	13235	13201	13195	0	0	0	0	20329	0	0	0	0	0	13185	13170	13201	17495	20184	20166	17546	14107	14022	14096	14095	15548	18249	18232	18195	17898	0	0	0	13873	14554	13847	0	0	0	0	0	0	0	0	0	0	13833	14514	13841	18144	0	0	17852	15716	15583	15592	15562	0	0	0	0	0	0	0	0	0	0	0	0	0	0	0	0	0	0	0	0	0	0	0	0	0	0	0	0	0	0	0	0	1195	750	376	1143	262	226	245	248	232	252	231	241	231	216	242	242
17594	17615	17730	17800	17970	0	0	0	13642	13612	13724	0	0	0	0	0	0	0	0	0	0	13703	13592	13609	17876	0	0	17927	14501	14449	14509	14516	18828	18823	18640	18494	18209	0	0	0	14580	14762	14266	0	0	0	0	0	0	0	0	0	0	14266	14758	14574	18548	0	0	18442	16121	16011	16003	15987	0	0	0	0	0	0	0	0	0	0	0	0	0	0	0	0	0	0	0	0	0	0	0	0	0	0	0	0	0	0	0	0	1931	819	467	1204	262	227	245	248	233	252	231	241	230	216	242	243
13999	14009	14009	14019	14363	14375	14704	14700	16886	16876	16866	16840	16856	16850	16843	12784	12815	19926	19930	19923	19882	16975	16938	16970	14322	14345	14324	14301	13722	13642	13709	13706	15363	15267	15257	15220	15212	15151	15033	15222	17935	17913	17898	17886	17891	17858	17870	13770	13678	20422	20275	20405	20455	17526	17593	17516	14915	14812	14903	15179	15419	15205	15207	15307	0	0	0	0	0	0	0	0	0	0	0	0	0	0	0	0	0	0	0	0	0	0	0	0	0	0	0	0	0	0	0	0	2928	1468	841	2352	264	227	246	248	233	252	230	241	230	216	243	243
14182	16874	16995	17095	17252	19898	19903	19776	19979	0	0	0	0	0	19946	19912	19871	0	0	0	0	19890	19896	0	17176	17310	17296	17268	13825	13740	13825	13820	15279	18210	18140	17902	17814	20446	20455	0	0	0	0	0	0	0	0	0	20445	0	0	0	0	20424	20419	0	17888	17813	17805	17821	15438	15295	15327	15289	0	0	0	0	0	0	0	0	0	0	0	0	0	0	0	0	0	0	0	0	0	0	0	0	0	0	0	0	0	0	0	0	1238	921	399	1269	263	227	246	248	233	253	231	241	230	216	242	242
16990	17031	17047	17120	17257	0	0	0	0	0	0	0	0	0	0	0	17190	17199	17195	17191	17182	13377	12951	13477	17037	17179	17167	16979	13858	13808	13873	13875	18234	17962	17947	17876	17838	0	0	0	0	14353	0	0	0	0	0	0	17892	17780	17746	17715	17724	13808	14333	13716	17952	17913	17890	18030	15556	15370	15367	15333	0	0	0	0	0	0	0	0	0	0	0	0	0	0	0	0	0	0	0	0	0	0	0	0	0	0	0	0	0	0	0	0	2187	878	407	1588	262	226	245	248	233	252	231	241	231	216	242	243
17268	17391	19899	0	0	0	0	13088	13088	13094	0	0	0	0	0	0	19982	0	0	0	0	19975	13059	13055	13085	19950	19948	19910	13970	13901	13955	13981	17985	17953	0	0	0	0	0	13680	14512	14005	0	0	0	0	0	0	20424	0	0	0	0	20282	13995	14497	13792	0	0	0	15661	15456	15449	15445	0	0	0	0	0	0	0	0	0	0	0	0	0	0	0	0	0	0	0	0	0	0	0	0	0	0	0	0	0	0	0	0	1471	917	879	977	262	227	246	248	233	252	231	241	230	216	242	243
14244	14289	17000	17039	17329	17339	17344	17357	17420	13028	13014	17373	17390	17400	17385	17374	17313	17346	17335	17321	17347	12994	12994	17335	17239	17332	17315	17285	13920	13863	13930	13920	15464	14597	18239	18021	17907	17888	17890	17902	17951	14084	14006	17907	17906	0	17860	17884	17982	17917	17752	17866	17880	13979	14079	17913	17984	17943	17925	17919	15619	15424	15421	15498	0	0	0	0	0	0	0	0	0	0	0	0	0	0	0	0	0	0	0	0	0	0	0	0	0	0	0	0	0	0	0	0	2701	667	505	1537	263	227	246	248	233	252	231	242	230	216	243	242
14127	14149	14160	17043	17121	17184	17186	17192	12959	12913	12916	17230	17240	17236	17215	17210	17171	17190	17186	17173	17169	12910	12891	12933	15083	17161	17143	17108	13815	13732	13806	13814	15271	14716	17929	17888	17800	17774	17780	17795	13588	14249	13613	17772	17788	17774	17768	17768	17750	17713	17698	17705	17694	13634	14221	13545	15643	17755	17744	17741	15428	15289	15306	15376	0	0	0	0	0	0	0	0	0	0	0	0	0	0	0	0	0	0	0	0	0	0	0	0	0	0	0	0	0	0	0	0	1120	1696	438	1567	263	227	246	247	232	252	231	241	230	216	243	243
14853	16965	16958	17148	17283	17316	17325	17331	17385	17387	19987	17344	19979	19971	19966	17350	19908	19923	0	19910	19894	19908	19907	19924	17242	17291	17287	17240	13900	13822	13904	13898	15353	18189	18176	17994	17866	17848	17843	17859	17898	17678	0	17799	0	0	0	17790	20473	20377	0	20330	20436	20444	20455	20466	17925	17868	17844	17858	15519	15384	15401	15364	0	0	0	0	0	0	0	0	0	0	0	0	0	0	0	0	0	0	0	0	0	0	0	0	0	0	0	0	0	0	0	0	1530	869	429	1463	263	227	246	248	233	252	231	241	230	216	242	243
14804	17479	17477	17738	17860	17870	17878	17888	13564	13551	13650	0	0	0	0	0	20456	0	0	0	0	13628	13516	13529	17752	20445	20437	17846	14441	14360	14440	14445	15883	18576	18564	18419	18411	18367	18357	18400	14271	14893	14030	0	0	0	0	0	0	0	0	0	0	13914	14863	14223	18473	0	0	18394	16057	15916	15943	15909	0	0	0	0	0	0	0	0	0	0	0	0	0	0	0	0	0	0	0	0	0	0	0	0	0	0	0	0	0	0	0	0	1320	1443	475	1188	263	227	245	248	233	252	231	242	231	216	243	243
14554	17447	17462	0	0	0	0	0	13350	13315	13347	0	0	0	0	0	0	0	0	0	0	13351	13292	13326	0	0	0	0	14214	14134	14213	14234	15054	18385	18170	0	0	0	0	0	14196	14835	13886	0	0	0	0	0	0	0	0	0	0	13871	14814	14186	0	0	0	0	15832	15706	15714	15700	0	0	0	0	0	0	0	0	0	0	0	0	0	0	0	0	0	0	0	0	0	0	0	0	0	0	0	0	0	0	0	0	1249	1615	661	1068	262	227	245	248	232	252	231	241	231	216	242	243
14348	14377	14383	17106	17270	17291	17403	13125	13156	13147	17449	17428	17440	17435	17425	17410	17364	17388	0	17364	17363	17372	13125	13127	13154	17358	17350	17321	14019	13977	14044	14036	15552	15545	14907	18065	18059	18043	18051	13630	14396	13835	17969	17962	17966	17947	17946	17950	18045	0	0	17826	17850	17872	13829	14392	13697	17943	17925	18073	15690	15529	15535	15491	0	0	0	0	0	0	0	0	0	0	0	0	0	0	0	0	0	0	0	0	0	0	0	0	0	0	0	0	0	0	0	0	3533	838	348	1640	263	227	245	248	233	252	231	242	230	216	242	243
14551	17214	17236	17489	17579	0	17638	13229	13268	13273	0	0	0	0	0	0	17583	0	0	0	0	0	13240	13227	13245	17291	17276	17251	14147	14070	14149	14142	14870	18295	18204	18127	18105	0	0	13902	15188	13909	0	0	0	0	0	0	18094	0	0	0	0	0	13897	15224	14509	18169	18153	18153	15764	15625	15646	15609	0	0	0	0	0	0	0	0	0	0	0	0	0	0	0	0	0	0	0	0	0	0	0	0	0	0	0	0	0	0	0	0	1826	805	386	1372	263	227	246	247	233	251	231	241	230	216	242	243
0	0	0	0	0	0	0	0	13469	13450	0	0	0	0	0	0	0	0	0	0	0	0	13446	13454	0	0	0	0	14352	14290	14355	14379	0	0	0	0	0	0	0	0	14340	14271	0	0	0	0	0	0	0	0	0	0	0	0	14217	14319	0	0	0	0	15972	15848	15852	15844	0	0	0	0	0	0	0	0	0	0	0	0	0	0	0	0	0	0	0	0	0	0	0	0	0	0	0	0	0	0	0	0	1227	783	435	465	262	226	245	249	233	252	231	241	231	215	243	243
16907	17023	17029	17268	19871	19892	19890	0	12939	12913	0	0	19946	0	0	19910	0	0	0	0	0	0	12897	12916	17151	19846	19840	19809	13810	13749	13804	13823	18205	17982	17961	17663	20411	20297	20385	0	13795	13918	0	0	0	0	0	20323	0	0	0	0	0	0	13887	13784	17731	20432	20417	20411	15434	15310	15299	15287	0	0	0	0	0	0	0	0	0	0	0	0	0	0	0	0	0	0	0	0	0	0	0	0	0	0	0	0	0	0	0	0	1153	661	637	1062	262	226	245	248	233	252	231	241	230	215	242	243
12951	12947	12935	12931	12866	12835	12819	12835	12903	12885	12878	12898	12867	12853	12854	12854	12882	12863	12870	12874	12893	12871	12858	12882	12894	12883	12863	12877	13744	13696	13764	13772	13941	13931	13906	13879	13878	13823	14444	14437	14094	15552	13700	13882	13989	13987	14024	13878	13935	14117	13955	13941	13918	13627	15578	14147	15338	15381	13921	15426	15438	16612	15256	16611	0	0	0	0	0	0	0	0	0	0	0	0	0	0	0	0	0	0	0	0	0	0	0	0	0	0	0	0	0	0	0	0	8191	3041	1905	8191	266	227	245	247	233	252	231	241	230	216	242	242
15407	17623	17631	17872	17886	17898	0	0	13575	0	0	0	0	0	0	0	17870	0	0	0	0	0	13656	13545	17755	17878	17860	17832	14457	14379	14448	14459	15881	18748	18716	18420	18412	18347	0	0	15107	13711	0	0	0	0	0	0	18340	0	0	0	0	0	13919	15098	18471	18434	18418	18410	16073	15943	15947	15925	0	0	0	0	0	0	0	0	0	0	0	0	0	0	0	0	0	0	0	0	0	0	0	0	0	0	0	0	0	0	0	0	1428	958	642	1186	262	227	245	248	233	252	231	242	230	215	242	243
16827	16989	17007	17162	19792	19805	0	0	13156	13125	0	0	0	0	0	19828	19738	19751	19751	19743	19734	19742	13101	13118	17063	17093	17083	17058	13712	13670	13732	13738	17926	17919	17740	17661	20319	20145	0	0	13819	13878	0	0	0	0	0	20161	20299	20279	20228	20233	20271	20280	13867	13837	17735	17709	17691	17682	15416	15226	15224	15205	0	0	0	0	0	0	0	0	0	0	0	0	0	0	0	0	0	0	0	0	0	0	0	0	0	0	0	0	0	0	0	0	3577	850	487	1198	263	227	246	248	233	252	231	242	230	216	242	243
17742	17784	17796	0	0	0	0	0	13686	13660	13652	0	0	0	0	0	0	0	0	0	0	13653	13646	13665	17929	0	0	0	14555	14503	14531	14581	18811	18628	18571	0	0	0	0	0	14378	15555	14295	0	0	0	0	0	0	0	0	0	0	14329	15525	14371	18551	0	0	0	17508	16067	16045	16038	0	0	0	0	0	0	0	0	0	0	0	0	0	0	0	0	0	0	0	0	0	0	0	0	0	0	0	0	0	0	0	0	1639	733	2220	981	263	227	246	248	233	252	231	242	230	216	243	243
14655	14662	14662	14680	15125	15132	17518	15506	13477	17526	17514	17495	17505	17493	17485	17474	17588	17713	17711	17698	17690	17671	17534	13450	15041	17553	17396	17365	14360	14300	14355	14368	16059	15943	15931	15675	15670	15647	18359	15954	14370	18400	18376	18398	18371	18364	18355	18483	18459	18262	18239	18236	18238	18249	18281	14351	15644	18502	18485	18484	15980	15858	15842	15930	0	0	0	0	0	0	0	0	0	0	0	0	0	0	0	0	0	0	0	0	0	0	0	0	0	0	0	0	0	0	0	0	1618	869	893	1981	263	227	246	248	233	252	231	242	230	216	243	243
14211	14243	14256	17057	17067	17089	17112	17167	17214	13011	17247	17221	17106	17229	17103	17081	17000	17028	17023	17017	16993	16997	12967	16998	14481	16874	14868	14826	13896	13827	13895	13882	15484	15466	15439	17939	17858	17848	17850	18031	17858	13928	17795	17790	17803	17782	17783	17864	18034	17962	17918	17947	17949	17947	13931	18041	15137	18026	15202	15403	15593	15392	15386	15463	0	0	0	0	0	0	0	0	0	0	0	0	0	0	0	0	0	0	0	0	0	0	0	0	0	0	0	0	0	0	0	0	1588	731	430	1971	263	227	245	248	233	252	231	241	230	216	242	242
16842	16856	16860	17160	17192	19823	19830	19665	12857	12821	0	0	0	0	0	19840	19778	19796	0	19770	19766	19774	12798	12821	17101	17202	17185	17154	13742	13659	13721	13730	18083	18079	18059	17749	17715	20330	20319	20459	13971	14319	0	0	0	0	0	20253	20324	20095	0	20224	20302	20314	14318	13967	17794	17729	17709	17719	15363	15220	15217	15201	0	0	0	0	0	0	0	0	0	0	0	0	0	0	0	0	0	0	0	0	0	0	0	0	0	0	0	0	0	0	0	0	410	761	393	1182	263	227	246	248	234	252	231	241	231	216	242	243
17332	17332	17483	20215	20321	0	0	0	13444	13355	13346	13405	0	0	0	0	0	0	0	0	13395	13324	13326	13424	17702	20284	20277	20248	14254	14175	14245	14262	18599	18402	18384	0	0	0	0	0	14013	14300	14802	14129	0	0	0	0	0	0	0	0	14129	14767	14276	13967	18302	0	0	0	15911	15738	15742	15727	0	0	0	0	0	0	0	0	0	0	0	0	0	0	0	0	0	0	0	0	0	0	0	0	0	0	0	0	0	0	0	0	1672	1461	869	984	262	226	246	248	233	253	231	241	231	215	243	242
17388	17426	17544	0	0	0	0	0	13303	13278	13285	0	0	0	0	0	20223	0	0	0	0	13265	13260	13269	13325	20190	20190	17607	14168	14109	14164	14198	18339	18323	18203	0	0	0	0	0	14149	14961	13895	0	0	0	0	0	0	0	0	0	0	13961	15007	14149	13721	0	0	0	15789	15673	15662	15661	0	0	0	0	0	0	0	0	0	0	0	0	0	0	0	0	0	0	0	0	0	0	0	0	0	0	0	0	0	0	0	0	1635	919	840	1105	262	226	245	248	232	252	231	241	230	216	242	242
14232	17009	17017	17268	17299	17320	17328	13011	13031	13049	0	0	0	0	0	0	17265	0	0	0	0	17281	13022	13003	13032	17247	17238	17213	13922	13840	13892	13920	15441	18077	17939	17882	17878	17868	17868	13531	14336	13576	0	0	0	0	0	0	17829	0	0	0	0	17715	13554	14323	13589	17845	17830	17824	15536	15401	15388	15471	0	0	0	0	0	0	0	0	0	0	0	0	0	0	0	0	0	0	0	0	0	0	0	0	0	0	0	0	0	0	0	0	1238	826	994	1270	263	227	245	248	233	252	230	242	230	216	243	242
0	0	0	0	0	0	0	0	0	0	0	0	0	0	0	0	0	0	0	0	0	0	0	0	0	0	0	0	14590	14509	14582	14604	0	0	0	0	0	0	0	0	0	0	0	0	0	0	0	0	0	0	0	0	0	0	0	0	0	0	0	0	16210	16071	16086	16077	0	0	0	0	0	0	0	0	0	0	0	0	0	0	0	0	0	0	0	0	0	0	0	0	0	0	0	0	0	0	0	0	1472	887	687	486	262	227	245	248	234	252	231	241	230	216	243	242
14623	14624	14649	14672	14689	14710	14719	14739	13546	13513	14760	14732	14736	14739	14735	14724	17540	17656	17643	17558	17506	17504	13485	13525	15006	17479	17445	14999	14421	14340	14410	14397	16134	16138	16124	16102	16109	16035	15705	16101	14584	14681	15348	15716	15601	15283	15541	15866	18618	18605	18585	18582	18581	18582	14706	14469	15654	18609	18588	15916	16037	15899	15905	15976	0	0	0	0	0	0	0	0	0	0	0	0	0	0	0	0	0	0	0	0	0	0	0	0	0	0	0	0	0	0	0	0	1292	795	1018	3127	264	227	245	248	233	252	230	241	230	216	242	242
14161	14173	14179	14204	14639	14674	17019	15034	13042	13011	13029	17015	17027	17023	17010	16998	17122	17197	17211	17199	17166	13024	12983	13014	14532	17037	17005	14891	13896	13839	13909	13890	15588	15590	15571	15300	15192	15070	18028	15590	14794	14764	13632	18055	18008	17923	17994	18039	17989	17978	17966	17959	17955	14168	14724	14766	15169	17998	18066	15353	15523	15403	15404	15474	0	0	0	0	0	0	0	0	0	0	0	0	0	0	0	0	0	0	0	0	0	0	0	0	0	0	0	0	0	0	0	0	1285	820	367	2643	264	226	245	247	233	251	231	242	230	216	242	242
17863	17874	17876	17915	0	0	0	0	0	13729	13808	0	13834	13700	13720	0	0	13747	13724	0	0	13759	13702	0	17977	0	0	17989	14632	14560	14620	14631	18781	18603	18579	18325	0	0	0	0	0	15587	0	0	0	14758	14528	0	0	14590	14795	0	0	14787	15578	0	18584	0	0	18362	16400	16125	16115	16102	0	0	0	0	0	0	0	0	0	0	0	0	0	0	0	0	0	0	0	0	0	0	0	0	0	0	0	0	0	0	0	0	1573	742	531	1126	263	226	246	248	233	252	231	242	231	216	242	242
12894	12875	12829	12822	12819	12806	12815	12839	12886	12861	12873	12874	12854	12831	12839	12851	12865	12869	12855	12858	12853	12839	12827	12817	12849	12840	12805	12784	13758	13659	13718	13757	13923	13919	13897	15027	14975	15284	14601	13865	15351	14931	13951	13910	14020	15295	14063	14255	15387	14076	15225	14066	13935	13953	14918	15393	15480	15281	15404	14921	15377	16512	15367	15342	0	0	0	0	0	0	0	0	0	0	0	0	0	0	0	0	0	0	0	0	0	0	0	0	0	0	0	0	0	0	0	0	2057	3341	8191	3754	265	227	245	247	233	252	230	242	230	216	242	243
14803	16882	16879	17118	17245	17266	17279	17295	19942	19926	19914	19899	19912	19906	19895	19882	0	0	0	0	0	0	0	0	17147	19810	19804	19769	13834	13776	13847	13844	15302	18067	17973	17800	17788	17703	20420	0	20453	20424	20383	20380	20411	20356	20391	0	0	0	0	0	0	0	0	0	17785	20381	0	0	15459	15333	15343	15305	0	0	0	0	0	0	0	0	0	0	0	0	0	0	0	0	0	0	0	0	0	0	0	0	0	0	0	0	0	0	0	0	1544	835	532	1207	262	226	246	248	234	253	231	242	230	216	243	242
14230	14264	16979	17135	17162	17332	17338	17349	13026	13014	19983	19966	19978	19975	19966	19952	17287	0	0	0	0	0	12995	12994	17260	17271	17268	17242	13896	13826	13896	13908	15235	18184	18140	17975	17894	17847	17843	17850	14483	14365	0	20462	0	20387	20456	0	0	0	0	0	0	0	14350	14450	17900	17849	17826	17844	15583	15386	15390	15377	0	0	0	0	0	0	0	0	0	0	0	0	0	0	0	0	0	0	0	0	0	0	0	0	0	0	0	0	0	0	0	0	2658	914	553	1210	263	227	246	248	233	252	231	242	230	216	242	243
12878	12815	12814	12891	13285	12888	12819	12831	12919	12881	12841	12839	12886	12843	12839	0	0	12847	12837	12873	12839	12835	12855	12895	12859	12842	12893	13190	13758	13688	13734	13760	13481	14499	13830	13430	13813	13445	13819	13861	13459	13557	14347	13763	13481	14225	14121	0	0	14116	14217	13445	13774	14428	13556	13441	13955	13833	13397	13736	15379	15249	15230	15220	0	0	0	0	0	0	0	0	0	0	0	0	0	0	0	0	0	0	0	0	0	0	0	0	0	0	0	0	0	0	0	0	1363	834	2492	1216	263	226	245	247	233	252	230	242	230	215	243	242
14747	14760	17515	17577	17704	17732	17850	13621	13567	13561	17894	17874	17882	17871	17859	17726	17816	0	0	0	0	0	13535	13529	13641	17802	17793	17737	14433	14366	14444	14441	15978	15231	18568	18501	18500	18419	18420	14044	14915	14858	18403	18400	18414	18396	18385	18400	18389	0	0	0	0	0	14810	14903	14040	18403	18386	18386	16132	15923	15944	15911	0	0	0	0	0	0	0	0	0	0	0	0	0	0	0	0	0	0	0	0	0	0	0	0	0	0	0	0	0	0	0	0	3003	846	530	1465	263	226	246	247	233	252	230	242	230	216	243	242
17211	17305	17346	17538	20167	0	0	0	13250	13203	13211	0	0	0	0	20203	20116	20145	0	20123	20107	13190	13168	13205	17400	20061	17539	17492	14116	14013	14088	14099	18351	18231	18136	18081	0	0	0	0	13823	14381	13790	0	0	0	0	0	0	20404	0	0	0	13782	14396	13802	18129	0	17870	18057	15724	15574	15589	15571	0	0	0	0	0	0	0	0	0	0	0	0	0	0	0	0	0	0	0	0	0	0	0	0	0	0	0	0	0	0	0	0	865	849	444	1120	262	226	245	248	233	252	231	241	231	215	242	242
14670	14678	14672	17469	17721	17736	17754	17776	13463	13483	17800	17779	17788	17784	17778	17762	17715	17734	17730	17722	17717	17726	13456	13420	15629	17725	17700	17662	14347	14265	14341	14346	15886	15267	15175	18409	18372	18319	18321	18393	14938	14020	18319	18317	18325	18303	18296	18297	18292	18251	18219	18220	18253	18271	14002	14919	16029	18309	18298	18298	15964	15825	15840	15812	0	0	0	0	0	0	0	0	0	0	0	0	0	0	0	0	0	0	0	0	0	0	0	0	0	0	0	0	0	0	0	0	1584	892	474	1446	262	226	245	248	233	251	230	241	231	216	243	243
18089	0	0	0	0	0	0	0	0	13718	0	0	0	0	0	0	0	0	0	0	0	0	13678	0	17965	0	0	0	14616	14524	14583	14619	18622	0	0	0	0	0	0	0	0	14304	0	0	0	0	0	0	0	0	0	0	0	0	14287	0	18497	0	0	0	16229	16081	16090	16082	0	0	0	0	0	0	0	0	0	0	0	0	0	0	0	0	0	0	0	0	0	0	0	0	0	0	0	0	0	0	0	0	1132	1008	988	900	262	227	245	248	233	251	230	241	230	216	242	242
14437	14458	14462	14489	17279	17290	17299	17287	13276	17352	17323	17304	17313	17305	17293	17281	17272	17305	17321	17307	17254	17258	13301	13243	14726	14833	17207	14826	14166	14092	14160	14151	15885	15721	15705	15638	18326	0	18325	18345	14172	18368	18351	18318	18271	18264	18299	18323	18336	18322	18306	18303	18251	18307	13827	14177	15528	15333	18326	15688	15790	15656	15652	15722	0	0	0	0	0	0	0	0	0	0	0	0	0	0	0	0	0	0	0	0	0	0	0	0	0	0	0	0	0	0	0	0	1322	770	588	2516	264	227	246	248	233	251	231	241	231	216	243	243
15021	17261	17276	17495	20141	0	20167	20182	13221	13172	13185	0	0	0	0	20179	0	0	0	0	0	13180	13155	13197	17412	20129	20109	20072	14048	14006	14063	14089	15535	18220	18199	18163	0	0	0	0	13817	14834	13786	0	0	0	0	20436	0	0	0	0	0	13788	14828	13806	18093	0	0	0	15748	15562	15558	15548	0	0	0	0	0	0	0	0	0	0	0	0	0	0	0	0	0	0	0	0	0	0	0	0	0	0	0	0	0	0	0	0	3560	941	533	1087	263	227	246	248	233	252	231	241	230	216	243	243
14402	14409	14411	17171	17207	17218	17215	17225	13211	13271	17249	17227	17236	17242	17225	17217	17497	0	0	20343	20329	20323	17455	13193	17388	17463	17441	17394	14113	14029	14092	14108	15648	15638	15613	18279	18273	18264	18275	18347	14921	13917	18138	18131	18138	18126	18113	18215	17949	0	0	0	0	0	18002	14901	18203	18033	18021	18284	15727	15592	15585	15769	0	0	0	0	0	0	0	0	0	0	0	0	0	0	0	0	0	0	0	0	0	0	0	0	0	0	0	0	0	0	0	0	1328	870	828	1914	263	226	245	247	233	252	230	241	230	216	243	242
14497	14497	14491	14507	14520	14613	14620	13434	13440	13422	13463	14635	14639	14652	14640	14622	15243	15259	15259	15251	15231	13448	13406	13413	13460	14476	15219	14442	14324	14255	14311	14325	15895	15893	15882	15861	15850	15160	15848	13971	15089	14744	13983	15171	15197	15177	15166	15177	15803	15799	15781	15778	15783	13997	14697	14846	14044	14921	15821	14929	16019	15810	15798	15874	0	0	0	0	0	0	0	0	0	0	0	0	0	0	0	0	0	0	0	0	0	0	0	0	0	0	0	0	0	0	0	0	1536	844	740	3428	265	227	246	248	233	252	231	241	231	216	242	243
