14914	14927	14936	0	0	0	0	0	0	0	0	0	0	0	0	0	0	0	0	0	0	0	0	0	0	0	0	0	13961	13918	13934	13985	15497	15488	15414	0	0	0	0	0	0	0	0	0	0	0	0	0	0	0	0	0	0	0	0	0	0	0	0	0	15562	15467	15633	15532	0	0	0	0	0	0	0	0	0	0	0	0	0	0	0	0	0	0	0	0	0	0	0	0	0	0	0	0	0	0	0	0	1629	830	2213	1096	277	242	260	262	246	265	244	256	243	229	256	257
14612	14618	14626	14636	14973	15007	15023	15034	13477	13420	13414	17217	17236	17227	17188	15308	15173	15182	15191	15180	15166	13402	13383	13450	14909	15177	15166	15147	14321	14228	14279	14305	16027	15899	15889	15832	15827	15619	15823	15891	15701	14518	14198	18558	15129	18560	18554	15775	15767	15764	15758	15754	15744	14171	14505	14048	15802	15832	15838	15850	15960	15772	17122	15900	0	0	0	0	0	0	0	0	0	0	0	0	0	0	0	0	0	0	0	0	0	0	0	0	0	0	0	0	0	0	0	0	1636	1030	2556	2733	278	241	260	262	246	266	244	255	243	229	256	257
14392	14398	14398	16983	17009	17021	17039	17059	13190	13183	17059	17041	17059	17053	17039	17029	17106	17114	17593	17268	17098	17103	13155	13144	15310	16989	16976	16965	14075	13981	14046	14057	15866	15660	15590	18299	18245	18215	18239	18303	14311	14217	18215	18210	18219	18204	18191	18195	18197	18176	18115	18142	18134	18144	14199	14285	15844	18185	18144	18286	15677	15533	15527	15625	0	0	0	0	0	0	0	0	0	0	0	0	0	0	0	0	0	0	0	0	0	0	0	0	0	0	0	0	0	0	0	0	1182	1292	971	1872	277	241	260	262	246	266	243	256	243	229	256	256
15047	15060	15059	17089	17468	17476	0	17550	13252	13229	0	0	0	0	0	0	0	0	0	0	0	0	13211	13228	17411	0	0	0	14118	14040	14086	14135	15644	15619	15578	18275	18063	18007	0	18343	14024	14042	0	0	0	0	0	0	0	0	0	0	0	0	13999	13981	17968	0	0	0	15723	15596	15574	15584	0	0	0	0	0	0	0	0	0	0	0	0	0	0	0	0	0	0	0	0	0	0	0	0	0	0	0	0	0	0	0	0	1463	945	1260	997	277	241	261	261	246	266	243	256	243	228	256	256
13673	13666	13664	13664	13635	13632	13640	13638	13677	13625	13608	13598	13650	13653	13656	13644	13632	13625	13596	13598	13621	13627	13615	13619	13633	13626	13608	13615	14550	14456	14497	14521	16377	16328	16359	14606	16216	16179	16146	14639	16244	16218	16165	16407	16195	16190	16167	16460	16355	16209	16190	16186	16186	16184	16179	16201	16372	16200	14896	16345	16246	18641	17367	19439	0	0	0	0	0	0	0	0	0	0	0	0	0	0	0	0	0	0	0	0	0	0	0	0	0	0	0	0	0	0	0	0	2087	2917	3492	8191	281	241	261	261	246	266	244	256	243	229	256	257
14336	14348	14345	16941	16989	17007	17015	17017	17087	13103	17047	17029	17047	17041	17007	16982	14923	17055	17087	16957	14909	14913	13077	16975	14903	14899	14888	14867	14003	13929	13975	14010	15818	15808	15550	18217	18179	18154	18158	18169	18219	14084	18171	18166	18171	18106	18144	18190	15217	18208	18193	18186	15191	15167	14086	18204	15793	15455	15455	15470	15984	15485	15461	15583	0	0	0	0	0	0	0	0	0	0	0	0	0	0	0	0	0	0	0	0	0	0	0	0	0	0	0	0	0	0	0	0	1469	1406	1307	2078	278	241	260	262	247	266	244	256	244	228	256	257
14899	14907	14907	15496	17538	17562	17579	17596	13707	13680	17584	17569	17586	17577	17571	17558	0	0	0	0	0	0	13658	13686	17737	17832	17800	17549	14572	14515	14559	14569	16407	16408	16393	16071	18797	18772	18796	18867	14560	14707	18808	18798	18811	18797	18792	18789	0	0	0	0	0	0	14656	14509	18506	18743	18739	18728	16183	16071	16038	16173	0	0	0	0	0	0	0	0	0	0	0	0	0	0	0	0	0	0	0	0	0	0	0	0	0	0	0	0	0	0	0	0	1610	765	1175	1850	277	240	260	261	246	265	244	256	243	229	255	256
14061	14065	14059	16653	16693	16706	16712	16718	12874	12829	12835	16725	16729	16729	16703	16689	16763	16770	17262	17261	16754	12823	12794	12839	14590	16652	16640	14588	13724	13641	13692	13718	15529	15294	15250	17886	17882	17875	17878	17942	13453	14138	13409	17868	17880	17677	17855	17896	17854	17840	17768	17788	17812	13398	14117	13426	15190	17980	17865	15155	15377	15198	15179	15295	0	0	0	0	0	0	0	0	0	0	0	0	0	0	0	0	0	0	0	0	0	0	0	0	0	0	0	0	0	0	0	0	1357	909	1215	1752	277	241	261	262	247	266	244	256	243	229	256	257
15344	17443	17738	0	0	0	0	0	14050	13487	13529	0	0	0	0	0	0	0	0	0	0	13512	13463	14013	17683	0	0	0	14395	14318	14346	14404	15854	18345	18321	0	0	0	0	0	14716	14885	13975	0	0	0	0	0	0	0	0	0	0	13993	14879	14723	18273	0	0	0	16003	15865	15997	15858	0	0	0	0	0	0	0	0	0	0	0	0	0	0	0	0	0	0	0	0	0	0	0	0	0	0	0	0	0	0	0	0	1389	995	2122	816	277	241	261	262	248	266	244	256	244	229	257	257
15090	15094	15090	17120	17502	17512	17522	17544	13299	13261	13279	0	0	0	0	0	0	0	0	0	0	13274	13240	13271	17274	0	0	17264	14160	14078	14122	14177	15680	15643	15558	18315	18039	18028	18034	18353	14026	14778	13881	0	0	0	0	0	0	0	0	0	0	13887	14775	14005	17989	0	0	0	15764	15629	15608	15627	0	0	0	0	0	0	0	0	0	0	0	0	0	0	0	0	0	0	0	0	0	0	0	0	0	0	0	0	0	0	0	0	2294	1395	1339	1201	277	241	260	261	246	266	245	256	243	229	256	256
15386	15393	17425	17761	17783	17802	17819	13535	13550	13532	13570	0	17814	0	0	0	17723	0	0	0	0	13551	13516	13523	13559	17715	17705	17672	14422	14366	14400	14439	15917	15889	18601	18336	18343	18329	0	14149	14956	14800	14164	0	18138	0	0	0	18175	0	0	0	0	14175	14796	14951	14228	18274	18255	18264	16029	15913	16025	15891	0	0	0	0	0	0	0	0	0	0	0	0	0	0	0	0	0	0	0	0	0	0	0	0	0	0	0	0	0	0	0	0	1315	913	1954	1110	277	241	261	261	246	266	244	256	244	229	256	257
15399	15405	15403	17803	17830	17871	17880	17890	13656	13580	0	0	0	0	0	0	0	0	0	0	0	0	13554	13627	17735	0	0	0	14487	14395	14446	14487	15970	15959	15922	18622	18376	18311	18213	18685	14356	14639	0	0	0	0	0	0	0	0	0	0	0	0	14620	14145	18321	0	0	0	16092	15947	16049	15941	0	0	0	0	0	0	0	0	0	0	0	0	0	0	0	0	0	0	0	0	0	0	0	0	0	0	0	0	0	0	0	0	1242	976	1048	1122	277	241	260	262	247	265	244	256	243	229	256	256
15312	15319	17378	0	0	0	0	13462	13475	13523	0	0	0	0	0	0	0	0	0	0	0	0	13512	13456	13503	0	0	0	14362	14300	14339	14382	15834	15812	18429	0	0	0	0	14073	14670	14104	0	0	0	0	0	0	0	0	0	0	0	0	14098	14612	14157	0	0	0	16082	15854	15832	15832	0	0	0	0	0	0	0	0	0	0	0	0	0	0	0	0	0	0	0	0	0	0	0	0	0	0	0	0	0	0	0	0	1402	862	1164	942	277	242	260	262	247	266	244	256	243	229	256	257
15583	15590	15588	17635	17966	17995	18010	13760	13770	18074	18047	18041	18031	18028	18022	18019	17951	0	0	0	17879	17886	17882	13739	13792	17884	17868	17604	14649	14582	14634	14651	16480	16149	16124	18826	18823	18784	18819	14295	14680	18739	18578	18585	18581	18568	18560	18790	18776	0	0	0	18432	18441	18735	14649	14359	18804	18783	18770	16265	16133	16119	16114	0	0	0	0	0	0	0	0	0	0	0	0	0	0	0	0	0	0	0	0	0	0	0	0	0	0	0	0	0	0	0	0	1513	809	1019	1218	277	241	261	262	247	266	244	256	243	230	256	257
14142	14153	14161	14177	14190	13028	12987	13054	13122	13039	13008	13014	14241	14535	14275	14247	14786	14798	14790	14783	13016	13000	13014	13116	13087	12995	13058	14758	13933	13840	13892	13917	15644	15497	15484	15458	15462	13613	14019	13630	13869	13902	15859	13702	15505	15504	15496	15496	15445	15450	15431	15429	13692	15852	13899	13642	13637	14068	13564	15430	15539	15386	15527	15483	0	0	0	0	0	0	0	0	0	0	0	0	0	0	0	0	0	0	0	0	0	0	0	0	0	0	0	0	0	0	0	0	1255	1212	2510	4091	280	242	261	261	247	266	244	256	244	229	256	257
14405	14411	14958	16995	17035	17135	17083	17067	13191	13170	17196	17095	17161	17179	17067	0	17636	0	0	0	0	17277	13144	13151	17153	17253	16997	16979	14063	13990	14048	14057	15877	15818	15573	18216	18227	18223	18223	18249	13941	13885	18251	18239	18260	18227	18227	18236	18045	0	0	0	0	17779	13870	13917	17860	18176	18151	18144	15677	15542	15529	15640	0	0	0	0	0	0	0	0	0	0	0	0	0	0	0	0	0	0	0	0	0	0	0	0	0	0	0	0	0	0	0	0	1732	908	1098	1553	277	241	260	261	246	265	244	255	243	228	255	256
15287	17347	17346	17732	0	0	0	13437	13458	13482	0	0	0	0	0	0	0	0	0	0	0	0	13461	13430	13460	0	0	17504	14338	14275	14307	14350	15650	18601	18566	18263	0	0	0	13967	14450	14009	0	0	0	0	0	0	0	0	0	0	0	0	13987	14473	14028	0	0	18058	15948	15826	15802	15802	0	0	0	0	0	0	0	0	0	0	0	0	0	0	0	0	0	0	0	0	0	0	0	0	0	0	0	0	0	0	0	0	1278	840	1175	883	277	241	260	262	247	266	244	256	244	229	256	257
13975	14045	14048	12772	12728	12778	14710	12817	12839	16738	16722	16691	12837	12823	16647	14746	14588	14591	12766	12758	14566	14573	14577	12789	12811	14572	12813	12782	13675	13641	13701	13692	15284	15272	15256	13341	13871	13353	17800	13481	14632	17852	17846	17832	13664	13657	17818	15066	15204	15210	13666	13669	15177	15191	15186	14633	15197	15215	13452	14013	15295	15194	15176	15268	0	0	0	0	0	0	0	0	0	0	0	0	0	0	0	0	0	0	0	0	0	0	0	0	0	0	0	0	0	0	0	0	572	768	998	2767	278	241	261	262	247	266	244	256	243	229	256	257
14863	14869	16864	17227	17251	17287	0	17570	13034	0	0	0	17305	0	0	17290	0	0	0	0	0	0	0	13008	17062	17195	17181	17143	13928	13847	13883	13938	15441	15412	18099	18071	18059	17758	0	18063	14610	0	0	0	17636	0	0	0	0	0	0	0	0	0	0	14632	17780	17745	18010	18035	15535	15401	15514	15393	0	0	0	0	0	0	0	0	0	0	0	0	0	0	0	0	0	0	0	0	0	0	0	0	0	0	0	0	0	0	0	0	1306	1064	1349	1208	277	241	261	262	246	265	244	256	243	229	257	256
14951	14962	14964	17023	17364	17379	17384	17681	13168	13122	13147	0	17415	0	0	17395	0	0	0	0	0	13153	13103	13149	17304	0	0	0	14026	13951	13989	14037	15544	15514	15369	18204	18180	17895	17866	18243	13827	15256	13688	0	17666	0	0	17658	0	0	0	0	0	13677	15224	13772	17880	0	0	0	15637	15504	15479	15492	0	0	0	0	0	0	0	0	0	0	0	0	0	0	0	0	0	0	0	0	0	0	0	0	0	0	0	0	0	0	0	0	1058	916	1380	1062	277	242	261	262	246	266	244	256	244	229	256	257
14826	14838	14845	16860	17205	17229	17245	12971	12995	13008	17294	17276	17264	17270	17262	17251	17160	0	0	0	17131	17117	12975	12967	12988	17097	16836	16829	13876	13815	13859	13882	15694	15364	15085	17986	17787	17780	17792	13602	14509	13656	17786	17780	17804	17786	17784	17784	17838	0	0	0	17642	17665	13658	14531	13679	18026	17997	17991	15612	15367	15346	15468	0	0	0	0	0	0	0	0	0	0	0	0	0	0	0	0	0	0	0	0	0	0	0	0	0	0	0	0	0	0	0	0	1619	1031	1056	1317	277	241	260	261	247	266	244	256	243	229	256	257
14591	14605	14606	14633	14656	13391	13373	13391	13437	13466	15107	15078	15094	17214	15243	15078	15181	17403	17408	17403	15175	15186	13450	13378	13420	13384	13416	15154	14315	14236	14292	14313	16094	16063	15927	15901	15807	14067	15166	14158	14460	13935	15744	15751	15752	18568	15739	15914	15803	18536	18519	18513	15740	15771	13956	14374	14189	15172	14092	15834	15924	15780	15768	15844	0	0	0	0	0	0	0	0	0	0	0	0	0	0	0	0	0	0	0	0	0	0	0	0	0	0	0	0	0	0	0	0	1400	845	1253	3036	279	241	261	262	247	266	244	256	243	229	256	257
0	0	0	0	0	0	0	13183	13224	13216	0	0	0	0	0	0	0	0	0	0	0	0	13198	13197	13221	0	0	0	14107	14042	14086	14138	0	0	0	0	0	0	0	13798	14601	13965	0	0	0	0	0	0	0	0	0	0	0	0	13947	14590	13885	0	0	0	15715	15592	15571	15596	0	0	0	0	0	0	0	0	0	0	0	0	0	0	0	0	0	0	0	0	0	0	0	0	0	0	0	0	0	0	0	0	1192	737	1000	415	275	241	260	261	246	266	244	256	244	229	256	257
13366	13326	13280	13289	13405	13377	13328	13354	13430	13408	13431	13434	13321	13363	13350	13377	13388	13361	13363	13326	13465	13389	13359	13366	13368	13334	13375	13702	14269	14160	14218	14254	14319	14363	15909	14023	14338	14328	14329	13965	14434	14434	13987	13965	15415	13981	14342	13923	13944	14345	13997	14334	13953	13987	14436	14387	14040	14339	13922	14179	15936	17043	15832	15821	0	0	0	0	0	0	0	0	0	0	0	0	0	0	0	0	0	0	0	0	0	0	0	0	0	0	0	0	0	0	0	0	2941	8191	1793	2429	278	241	260	262	247	266	244	256	244	229	257	257
15421	15429	17474	17835	17854	17859	0	17884	13617	13602	0	0	0	0	0	0	0	0	0	0	0	0	13590	13592	17653	0	0	18058	14495	14436	14479	14508	16035	16015	18714	18680	18496	18232	0	18704	14498	14372	0	0	0	0	0	0	0	0	0	0	0	0	14333	14483	18309	0	0	18451	16108	15991	16018	15964	0	0	0	0	0	0	0	0	0	0	0	0	0	0	0	0	0	0	0	0	0	0	0	0	0	0	0	0	0	0	0	0	1573	693	1099	1151	277	241	260	262	246	266	244	255	244	228	256	256
14097	14088	14640	16695	17025	17035	17049	12832	12849	12869	0	0	17061	17121	17067	17053	0	0	0	0	0	0	12854	12821	12861	16945	16939	16911	13732	13666	13716	13730	15550	15199	15164	17875	17882	17878	17882	13391	14895	13463	0	0	17626	0	0	17856	0	0	0	0	0	0	13444	14869	13452	17493	17473	17808	15410	15217	15199	15188	0	0	0	0	0	0	0	0	0	0	0	0	0	0	0	0	0	0	0	0	0	0	0	0	0	0	0	0	0	0	0	0	1962	887	936	1362	277	241	260	262	246	265	244	255	243	229	256	257
13554	13534	13485	13500	13493	13497	13506	13504	13575	13565	13532	13542	13592	13586	13573	13551	13592	13596	13586	13513	13527	13519	13527	13544	13558	13546	13533	13510	14427	14366	14439	14449	16175	16158	16143	15207	16267	15969	16296	16850	15969	15698	15552	15087	15138	15025	14704	14975	14786	14775	14670	14794	14668	15594	15606	15643	16856	16250	15916	16172	19350	19209	16116	16034	0	0	0	0	0	0	0	0	0	0	0	0	0	0	0	0	0	0	0	0	0	0	0	0	0	0	0	0	0	0	0	0	8191	8191	2206	2047	278	242	260	261	246	266	244	255	243	229	256	257
12881	12861	12849	12833	12839	12841	12853	12863	12915	12893	12874	12861	12901	12882	12881	12887	12925	12908	12898	12885	12893	12899	12887	12904	12909	12893	12867	12855	13798	13708	13745	13806	14042	15533	15535	15575	15771	16411	15683	15559	15552	15531	15364	15357	15376	15375	15374	15383	15412	15422	15412	15412	15415	15415	15533	15489	15973	15977	16503	15970	15406	15757	17858	15355	0	0	0	0	0	0	0	0	0	0	0	0	0	0	0	0	0	0	0	0	0	0	0	0	0	0	0	0	0	0	0	0	551	2122	8191	8191	281	242	261	262	247	266	244	256	243	229	257	257
17555	17584	17594	0	0	0	0	0	0	13449	13494	0	0	0	0	0	0	0	0	0	0	13442	13402	0	17418	17537	17526	17483	14338	14252	14297	14341	18632	18479	18457	0	0	0	0	0	0	14359	14127	0	0	0	0	0	0	0	0	0	0	14175	14368	0	18365	18435	18417	18411	15937	15805	17042	15796	0	0	0	0	0	0	0	0	0	0	0	0	0	0	0	0	0	0	0	0	0	0	0	0	0	0	0	0	0	0	0	0	1115	1376	1726	1202	276	241	260	262	247	266	244	255	243	229	255	257
14728	14732	14740	17347	17501	17698	17705	17397	13517	13498	17746	17738	17534	17734	17719	17403	0	0	0	0	0	0	13473	13483	17526	17629	17612	17581	14393	14309	14369	14384	16212	15955	15108	18574	18585	18574	18591	18599	14272	14255	18364	18574	18303	18281	18497	18565	0	0	0	0	0	0	14215	14226	18210	18169	18394	18469	16009	15856	15850	15849	0	0	0	0	0	0	0	0	0	0	0	0	0	0	0	0	0	0	0	0	0	0	0	0	0	0	0	0	0	0	0	0	1136	932	1564	1546	278	242	261	262	247	266	245	256	244	229	256	256
15461	17510	17512	17876	17902	0	0	13590	13623	13615	13694	0	0	0	0	0	0	0	0	0	0	13656	13606	13596	13625	0	0	0	14505	14437	14480	14528	15986	18770	18739	18511	18400	0	0	14259	15412	14518	14196	0	0	0	0	0	0	0	0	0	0	14205	14524	15415	14338	0	0	0	16114	15988	15964	15997	0	0	0	0	0	0	0	0	0	0	0	0	0	0	0	0	0	0	0	0	0	0	0	0	0	0	0	0	0	0	0	0	1590	1508	1312	1043	277	241	261	262	247	266	244	255	244	230	256	257
0	0	0	0	0	0	0	13175	13203	13229	0	0	0	0	0	0	0	0	0	0	0	0	13187	13179	13193	13231	0	0	14073	14024	14046	14108	0	0	0	0	0	0	0	14207	14857	13851	0	0	0	0	0	0	0	0	0	0	0	0	13911	14887	14277	13684	0	0	15679	15578	15675	15555	0	0	0	0	0	0	0	0	0	0	0	0	0	0	0	0	0	0	0	0	0	0	0	0	0	0	0	0	0	0	0	0	1691	927	1594	775	276	241	261	262	247	266	244	256	244	229	257	256
14689	14698	14696	17295	17333	17361	17369	13437	13458	13438	13444	17379	17405	17431	17344	17338	0	0	0	0	0	13456	13424	13441	13487	17600	17322	17306	14341	14287	14305	14349	16173	16168	16153	18641	18641	18515	18582	14066	14787	14862	14091	18550	18561	18550	18542	18565	0	0	0	0	0	14094	14800	14750	14169	18513	18488	18482	15952	15836	15958	15866	0	0	0	0	0	0	0	0	0	0	0	0	0	0	0	0	0	0	0	0	0	0	0	0	0	0	0	0	0	0	0	0	1648	780	1639	1725	277	241	260	262	247	266	244	256	244	229	256	257
14790	14798	14794	17208	17219	0	0	20209	12967	12953	0	0	0	0	0	0	0	0	0	0	0	0	12939	12944	19797	0	0	0	13843	13781	13829	13858	15342	15333	15302	18023	17630	0	0	0	14226	14135	0	0	0	0	0	0	0	0	0	0	0	0	14143	14198	20284	0	0	0	15516	15335	15327	15399	0	0	0	0	0	0	0	0	0	0	0	0	0	0	0	0	0	0	0	0	0	0	0	0	0	0	0	0	0	0	0	0	1556	916	1234	1096	276	241	260	262	246	266	244	255	243	228	256	257
12975	12919	12904	12959	12891	12893	12913	12939	12995	12945	12951	12943	12969	12967	12939	12919	12943	12949	12948	12910	12897	12904	12915	12925	12946	12935	12918	12913	13861	13765	13817	13830	13959	13967	13935	13919	13947	14509	13931	13937	15022	15493	14513	15375	14263	15492	14031	15378	15449	14129	13987	13977	15426	15401	15457	14133	14598	14555	15370	14013	15466	15453	16622	15415	0	0	0	0	0	0	0	0	0	0	0	0	0	0	0	0	0	0	0	0	0	0	0	0	0	0	0	0	0	0	0	0	1351	1987	3167	3091	279	242	261	262	247	266	244	256	244	229	257	257
15272	15696	17329	17645	17676	0	0	13517	13477	13513	0	0	0	0	0	0	0	0	0	0	0	0	13493	13444	13530	17584	17569	17544	14362	14283	14341	14370	16197	18556	18544	18486	18242	0	0	13965	14497	14129	0	0	0	0	0	0	0	0	0	0	0	0	14123	14495	14076	18128	18357	18434	15965	15925	15824	15826	0	0	0	0	0	0	0	0	0	0	0	0	0	0	0	0	0	0	0	0	0	0	0	0	0	0	0	0	0	0	0	0	1727	2273	1267	1098	277	241	261	262	247	266	244	256	244	229	256	256
15494	15504	17557	18075	0	0	0	0	13688	13656	0	0	0	0	0	0	0	0	0	0	0	0	13638	13665	18010	0	0	0	14550	14485	14530	14568	16011	15770	18670	18585	0	0	0	0	14375	14580	0	0	0	0	0	0	0	0	0	0	0	0	14571	14352	18527	0	0	0	16203	16041	16018	16021	0	0	0	0	0	0	0	0	0	0	0	0	0	0	0	0	0	0	0	0	0	0	0	0	0	0	0	0	0	0	0	0	1816	993	1111	1022	277	241	260	261	246	266	244	256	244	229	256	257
14645	14652	15201	17249	17291	17401	17329	17323	13493	13408	13418	17363	17399	17401	17342	17349	17915	0	0	0	0	13409	13380	13474	17396	17508	17249	17232	14290	14234	14293	14303	16126	16119	15824	18487	18466	18468	18464	18511	14101	14559	14135	18227	18484	18216	18214	18487	18176	0	0	0	0	14129	14574	14078	18311	18422	18401	18389	15904	15785	15768	15900	0	0	0	0	0	0	0	0	0	0	0	0	0	0	0	0	0	0	0	0	0	0	0	0	0	0	0	0	0	0	0	0	1918	723	1028	1487	277	241	261	262	247	266	245	256	243	229	256	257
14204	14209	14778	16808	16850	16937	16922	16894	13000	12959	16963	16942	16970	16970	16871	16856	17163	0	0	0	0	17107	12943	12987	16982	17095	17074	16813	13861	13790	13831	13876	15696	15694	15684	18163	18110	18027	18031	18157	13692	13939	18059	18055	18071	18059	18044	18049	17872	0	0	0	0	17643	13895	13664	17702	18014	17991	17976	15503	15343	15472	15325	0	0	0	0	0	0	0	0	0	0	0	0	0	0	0	0	0	0	0	0	0	0	0	0	0	0	0	0	0	0	0	0	1638	907	1076	1536	278	241	261	261	247	266	244	256	243	229	256	257
14612	14612	15179	17236	17538	17571	17626	13348	13385	13370	0	0	17662	13383	13326	14374	0	13353	13393	0	0	0	13351	13357	13382	17475	17462	17432	14269	14192	14247	14275	16078	15748	15708	18397	18347	18178	18373	13949	14828	14486	0	0	17971	13985	15261	14803	0	15261	13959	0	0	0	14446	14748	14029	18006	18320	18334	15927	15740	15912	15723	0	0	0	0	0	0	0	0	0	0	0	0	0	0	0	0	0	0	0	0	0	0	0	0	0	0	0	0	0	0	0	0	1397	860	1415	1215	277	241	260	262	247	266	244	256	244	229	257	257
14728	14738	14740	16796	17141	17146	17154	16828	12933	12929	0	0	17179	0	0	17165	0	0	0	0	0	0	12916	12910	16916	0	0	0	13793	13744	13786	13812	15392	15304	15225	17977	17685	17671	17638	17995	13786	13657	0	0	17638	0	0	17533	0	0	0	0	0	0	13631	13760	17610	0	0	0	15478	15295	15271	15357	0	0	0	0	0	0	0	0	0	0	0	0	0	0	0	0	0	0	0	0	0	0	0	0	0	0	0	0	0	0	0	0	2430	759	1222	1145	277	241	260	262	247	266	244	256	243	229	256	256
17219	17449	17462	0	0	0	0	0	13364	0	0	0	0	0	0	0	17451	17780	0	17776	17431	17429	13372	13324	13384	17329	17349	17314	14244	14166	14217	14243	18538	18407	18378	0	0	0	0	0	14405	0	0	0	0	0	0	0	18333	18286	0	18150	18315	18321	13895	14407	13916	18345	18324	18315	15844	15740	15696	15700	0	0	0	0	0	0	0	0	0	0	0	0	0	0	0	0	0	0	0	0	0	0	0	0	0	0	0	0	0	0	0	0	1470	1015	1113	1302	277	241	260	262	247	265	244	256	243	229	256	256
14065	14628	14623	16698	16754	17035	16746	16738	16815	17112	17106	17110	16770	17060	17063	16827	16746	16772	17227	17215	16905	16905	16891	16668	14581	16628	16620	14589	13700	13629	13681	13689	15497	15482	15181	17953	17810	17806	17825	17955	17888	17796	17657	17662	17700	17606	17592	17829	17911	17041	17736	17748	17766	17774	17783	17792	15481	17801	17788	14938	15317	15181	15165	15276	0	0	0	0	0	0	0	0	0	0	0	0	0	0	0	0	0	0	0	0	0	0	0	0	0	0	0	0	0	0	0	0	1263	973	874	1621	277	241	260	262	247	266	244	256	244	229	256	257
17392	17403	17420	17768	13573	13512	13512	13560	0	0	13592	13538	13575	13542	13565	0	17999	13558	13538	13542	13532	13564	0	0	13586	13552	13540	13568	14459	14400	14428	14473	18790	18617	18603	18281	14172	14612	15033	14214	0	0	14219	14824	14259	15019	14232	0	18513	14276	15090	14275	14806	14268	0	0	14324	15212	14660	14191	16065	15952	15925	15923	0	0	0	0	0	0	0	0	0	0	0	0	0	0	0	0	0	0	0	0	0	0	0	0	0	0	0	0	0	0	0	0	1538	984	1377	1276	277	241	260	262	247	266	244	255	244	229	256	257
14969	14977	14975	20145	0	0	0	0	13155	13134	0	0	0	0	0	0	0	0	0	0	0	0	13127	13138	0	0	0	0	14034	13971	14007	14044	15555	15529	15488	0	0	0	0	0	14241	14167	0	0	0	0	0	0	0	0	0	0	0	0	14145	14205	0	0	0	0	15650	15525	15723	15495	0	0	0	0	0	0	0	0	0	0	0	0	0	0	0	0	0	0	0	0	0	0	0	0	0	0	0	0	0	0	0	0	1432	841	1887	1202	277	241	261	262	246	266	244	256	244	229	257	256
15052	15058	15062	17451	17477	17483	0	17769	13228	13254	0	0	0	0	0	0	0	0	0	0	0	0	13240	13198	17262	0	0	17343	14114	14046	14080	14130	15770	15593	15336	18279	18275	17798	0	18317	14276	13902	0	0	0	0	0	0	0	0	0	0	0	0	13895	14268	17941	0	0	18155	15728	15599	15727	15581	0	0	0	0	0	0	0	0	0	0	0	0	0	0	0	0	0	0	0	0	0	0	0	0	0	0	0	0	0	0	0	0	1329	820	2299	1020	277	241	261	262	247	266	244	256	243	229	256	257
14017	14028	14028	14055	14407	14417	14455	12850	12837	12839	16648	16633	16653	16643	16630	16619	14588	14609	14617	14631	14582	14591	12829	12819	12881	14586	14578	14557	13714	13658	13681	13714	15490	15294	15284	15231	15197	15102	14975	13125	13778	13463	17987	17978	17990	17979	17973	17971	15166	15129	15023	17898	15147	15151	13479	13742	13302	15205	15224	15239	15403	15217	15269	15302	0	0	0	0	0	0	0	0	0	0	0	0	0	0	0	0	0	0	0	0	0	0	0	0	0	0	0	0	0	0	0	0	2088	866	3332	2479	279	242	262	262	247	266	244	256	243	229	256	257
14681	14680	15213	17268	17320	17340	17328	13389	13404	13408	17360	17329	17350	17365	17321	17301	17343	17352	17832	17825	17331	17339	13389	13377	13412	17223	17216	17211	14294	14217	14262	14296	16094	15799	15760	18558	18411	18411	18416	13991	14720	14153	18448	18441	18450	18381	18429	18425	18524	18378	18281	18326	18364	18370	14160	14694	14063	18553	18535	18536	15997	15769	15744	15868	0	0	0	0	0	0	0	0	0	0	0	0	0	0	0	0	0	0	0	0	0	0	0	0	0	0	0	0	0	0	0	0	1136	912	1154	1693	277	241	260	262	246	266	244	255	244	229	256	257
14052	14065	14118	14157	14454	14792	14794	14461	13022	12927	12977	14804	14828	14830	14815	14804	14706	14712	14708	14702	14694	12963	12898	12987	13965	14708	14698	14682	13835	13760	13813	13825	15407	15407	15392	15348	15347	15324	15328	15339	13626	14223	13549	15359	15378	15364	15355	15364	15337	15331	15308	15304	15311	13544	14192	13615	14572	15340	15327	15325	15466	15314	15293	15381	0	0	0	0	0	0	0	0	0	0	0	0	0	0	0	0	0	0	0	0	0	0	0	0	0	0	0	0	0	0	0	0	1612	871	1024	3162	279	241	261	263	246	266	244	256	245	229	257	257
14698	14702	14697	16732	16879	17057	16896	12849	12879	12866	12913	17135	16931	16926	16783	16771	17323	0	0	0	0	12897	12846	12850	12878	16981	16967	16695	13846	13692	13746	13764	15317	15281	15236	17914	17914	17902	17907	13406	14149	13932	13359	17917	17876	17726	17820	17915	17812	0	0	0	0	13402	13912	14138	13471	17872	17853	17846	15438	15244	15232	15224	0	0	0	0	0	0	0	0	0	0	0	0	0	0	0	0	0	0	0	0	0	0	0	0	0	0	0	0	0	0	0	0	261	962	1054	1392	277	242	261	262	247	266	244	257	244	229	257	257
14590	14601	14612	17173	17179	17291	13388	13355	13405	13385	17331	17279	17229	17340	17214	17206	17344	17804	17794	0	17779	17438	13359	13366	13367	13399	15150	15124	14280	14198	14259	14271	16049	15807	15790	18389	18389	18385	13878	14412	14293	14140	18415	18402	18405	18393	18387	18393	18452	18176	18067	0	18260	18347	14114	14274	14486	13941	15464	15657	15884	15750	15740	15850	0	0	0	0	0	0	0	0	0	0	0	0	0	0	0	0	0	0	0	0	0	0	0	0	0	0	0	0	0	0	0	0	1485	1779	1339	1926	278	242	261	262	247	266	244	256	244	230	256	257
15552	15558	15550	17593	17906	17926	17947	13768	13758	13736	13759	0	17966	17963	17949	17947	18170	0	0	0	0	13743	13711	13727	13777	17829	17817	17780	14636	14559	14609	14627	16175	16145	16090	18762	18766	18599	18766	14217	14690	14794	14316	0	18500	18429	18470	18511	18628	0	0	0	0	14313	14788	14660	14318	18728	18707	18705	16244	16107	16088	16208	0	0	0	0	0	0	0	0	0	0	0	0	0	0	0	0	0	0	0	0	0	0	0	0	0	0	0	0	0	0	0	0	1180	1386	1123	1336	278	241	260	261	246	266	244	256	243	229	256	256
14153	14528	14535	14547	14555	14559	14580	13448	13461	13444	13469	14585	14606	14604	14612	14591	15209	15213	15209	15196	15188	13461	13412	13420	13491	14555	14661	14115	14352	14262	14309	14330	16131	16130	16121	15893	15869	15875	15911	13983	14858	14832	14050	15899	15917	15907	15934	15934	16225	15873	15861	15856	16167	14035	14743	14774	14056	15871	15856	15850	15970	15804	17105	15881	0	0	0	0	0	0	0	0	0	0	0	0	0	0	0	0	0	0	0	0	0	0	0	0	0	0	0	0	0	0	0	0	1244	1160	8191	8191	281	242	261	262	247	266	245	256	244	230	256	257
14819	14832	16876	16918	17225	17239	17252	17320	13012	12991	12981	17284	17293	17286	17284	17275	0	0	0	0	0	12981	12971	12987	15203	17213	17201	17162	13912	13836	13863	13907	15437	15407	18124	18094	17855	17850	17856	18153	14297	14883	13619	17691	17820	17803	17779	17799	0	0	0	0	0	13606	14854	14281	15757	17759	17736	18081	15525	15394	15438	15363	0	0	0	0	0	0	0	0	0	0	0	0	0	0	0	0	0	0	0	0	0	0	0	0	0	0	0	0	0	0	0	0	400	670	1150	1254	277	241	261	262	247	266	244	255	244	229	256	257
14260	14272	14819	16880	16921	16931	16928	16925	13086	13012	16949	16935	16962	16947	16929	16917	16949	16971	17156	17148	16953	16947	12977	13030	14784	14790	14786	14765	13916	13834	13889	13906	15683	15663	15415	18170	18021	18015	18028	18157	13845	14089	18043	18037	18047	17878	18015	18043	18127	18106	17466	18073	18002	18051	14086	13802	15654	15299	15244	15336	15616	15394	15377	15503	0	0	0	0	0	0	0	0	0	0	0	0	0	0	0	0	0	0	0	0	0	0	0	0	0	0	0	0	0	0	0	0	1166	801	977	1757	278	242	261	263	247	266	244	257	244	230	257	257
14895	14909	14911	16931	17057	17293	17061	16999	17388	13083	17385	17365	17325	17352	17352	17311	17566	0	0	0	0	17214	13071	17223	17089	17200	17185	17161	13979	13921	13947	13994	15807	15525	15493	18146	18155	18158	18155	18182	18230	13638	18166	18158	18189	18170	18144	18175	17939	0	0	0	0	17717	13646	17941	17800	18108	18089	18079	15599	15478	15451	15446	0	0	0	0	0	0	0	0	0	0	0	0	0	0	0	0	0	0	0	0	0	0	0	0	0	0	0	0	0	0	0	0	1202	787	1258	1304	278	241	261	262	247	267	244	256	243	229	256	257
14055	14618	14617	16638	16722	16994	16729	16722	12842	12807	12853	17028	17037	17028	17019	16710	17251	0	0	0	16919	12836	12778	12803	16813	16907	16891	16641	13708	13627	13692	13702	14419	15222	15167	17862	17870	17848	17846	17962	13871	14284	13498	17868	17878	17859	17855	17851	17772	0	0	0	17760	13500	14237	13677	17796	17830	17805	17793	15321	15181	15176	15162	0	0	0	0	0	0	0	0	0	0	0	0	0	0	0	0	0	0	0	0	0	0	0	0	0	0	0	0	0	0	0	0	1356	1516	1189	1479	277	241	260	262	247	266	244	256	244	229	256	256
0	0	0	0	0	0	0	13451	13444	13424	13465	0	0	0	0	0	0	0	0	0	0	13459	13413	13424	13484	0	0	0	14328	14260	14274	14385	0	0	0	0	0	0	0	14001	14697	14688	14007	0	0	0	0	0	0	0	0	0	0	14005	14646	14658	14063	0	0	0	16009	15808	15924	15852	0	0	0	0	0	0	0	0	0	0	0	0	0	0	0	0	0	0	0	0	0	0	0	0	0	0	0	0	0	0	0	0	1877	990	3939	215	276	241	260	261	247	266	244	256	244	229	256	257
14599	14603	14599	15005	15007	17227	17251	17260	17304	13385	13366	13377	17277	17264	17257	17238	17324	17860	0	0	13377	13344	13351	17273	17316	17255	0	15143	14265	14208	14263	14265	16082	16035	15810	15709	15398	18458	18474	18479	18534	14251	14853	13997	18503	18492	18484	18486	18439	18221	0	0	13985	14853	14235	18412	18373	18430	18426	15650	15932	15762	15736	15828	0	0	0	0	0	0	0	0	0	0	0	0	0	0	0	0	0	0	0	0	0	0	0	0	0	0	0	0	0	0	0	0	2598	777	1106	1979	278	241	261	261	247	266	244	256	244	230	256	257
14189	14754	14751	17100	17122	0	0	17438	12944	12928	0	0	0	0	0	0	17343	0	0	0	0	0	12902	12908	14689	17010	16997	16758	13826	13749	13794	13836	14513	15295	15257	17926	17921	0	0	17941	14011	13963	0	0	0	0	0	0	17717	0	0	0	0	0	13963	14011	15226	17906	17890	17880	15500	15306	15289	15291	0	0	0	0	0	0	0	0	0	0	0	0	0	0	0	0	0	0	0	0	0	0	0	0	0	0	0	0	0	0	0	0	1281	992	1466	1373	277	241	261	262	247	266	244	256	243	229	256	257
14193	14201	14774	16835	16909	17176	16913	16889	12969	12953	0	16927	16941	17232	16932	16897	16876	16905	0	0	16846	16854	12932	12943	12990	16841	14756	14737	13835	13784	13824	13851	15652	15376	15351	18008	17966	17961	17975	18021	13939	13806	0	17537	17761	17680	17704	17764	18071	17272	0	0	17923	17982	13802	15420	13517	18087	15190	15269	15511	15342	15317	15438	0	0	0	0	0	0	0	0	0	0	0	0	0	0	0	0	0	0	0	0	0	0	0	0	0	0	0	0	0	0	0	0	1490	1035	1435	1687	277	241	261	262	247	267	244	256	243	229	256	257
15055	15055	15048	17086	17449	17487	17491	17768	13254	13229	13236	0	0	0	0	17494	0	0	0	0	0	13239	13207	13228	17314	0	0	17750	14109	14057	14107	14125	15790	15617	15595	18331	18299	18260	18275	18398	14091	14462	13859	0	0	0	0	0	0	0	0	0	0	13857	14434	14058	18014	0	0	18260	15796	15608	15581	15688	0	0	0	0	0	0	0	0	0	0	0	0	0	0	0	0	0	0	0	0	0	0	0	0	0	0	0	0	0	0	0	0	2743	1121	1288	1415	277	241	261	262	247	266	244	256	243	229	256	257
14564	14566	14560	17139	17284	17304	13318	13299	13376	13355	13342	17308	17333	13487	13354	13336	13330	13350	0	0	0	13333	13321	13324	13351	13376	17543	17220	14256	14167	14222	14250	15993	15814	15770	18507	18509	18481	14074	14913	14628	14605	14370	18360	18223	18212	14390	14512	14505	14415	0	0	0	14378	14577	14590	15037	14126	18417	18407	15858	15852	15696	15818	0	0	0	0	0	0	0	0	0	0	0	0	0	0	0	0	0	0	0	0	0	0	0	0	0	0	0	0	0	0	0	0	1449	1844	1406	1567	278	241	261	262	247	266	244	256	243	229	256	257
14681	14686	14680	16750	16905	17099	17108	16854	12875	17180	17162	17175	17127	17155	17135	17135	17089	0	0	0	0	17056	17041	12841	15072	17034	17019	16993	13768	13682	13733	13772	15623	15575	15250	17963	17977	17923	17985	17987	13923	17730	17715	17698	17717	17705	17700	17846	17536	0	0	0	0	17446	17552	13905	15597	17603	17921	17915	15376	15239	15224	15228	0	0	0	0	0	0	0	0	0	0	0	0	0	0	0	0	0	0	0	0	0	0	0	0	0	0	0	0	0	0	0	0	1336	927	1166	1198	277	241	261	262	247	266	244	256	244	229	257	257
15590	15599	15608	17656	17959	18007	18017	13774	13780	13762	18071	18053	18055	18049	18052	18027	0	0	0	0	0	0	13746	13756	13802	17877	17861	17593	14663	14586	14609	14672	16490	16469	16162	18794	18815	18762	18811	14287	14919	14780	0	18515	18554	18519	18427	18571	0	0	0	0	0	0	14778	14941	14343	18605	18755	18743	16268	16142	17475	16125	0	0	0	0	0	0	0	0	0	0	0	0	0	0	0	0	0	0	0	0	0	0	0	0	0	0	0	0	0	0	0	0	1433	867	3384	1217	277	241	259	261	246	265	244	255	243	228	256	256
14935	14949	14945	17550	17596	17649	17623	17623	13779	13712	17658	17631	17654	17688	17604	17586	17906	0	0	0	0	0	13682	13756	17725	17834	17818	17550	14607	14535	14592	14599	16426	16146	16132	18868	18782	18774	18777	18884	14309	14591	18788	18788	18797	18793	18778	18789	0	0	0	0	0	0	14566	14288	18439	0	18724	18712	16222	16085	16072	16185	0	0	0	0	0	0	0	0	0	0	0	0	0	0	0	0	0	0	0	0	0	0	0	0	0	0	0	0	0	0	0	0	1548	1445	1062	1564	277	242	261	262	247	266	245	256	244	230	257	258
14134	14142	14684	14715	16895	16902	16867	12853	12897	12888	17145	16915	16929	16935	16941	16922	0	0	0	0	0	0	12875	12863	12906	0	17077	17031	13788	13702	13758	13769	15615	15294	15267	15047	18063	18037	18055	13502	15060	13558	17977	17969	18087	18033	18037	18083	0	0	0	0	0	0	13500	15013	13558	0	17540	17936	15390	15256	15244	15348	0	0	0	0	0	0	0	0	0	0	0	0	0	0	0	0	0	0	0	0	0	0	0	0	0	0	0	0	0	0	0	0	1120	1084	1023	1566	277	241	261	262	247	266	245	256	244	230	257	258
14701	14702	16882	16887	0	0	0	16878	12914	12878	12877	0	0	0	0	0	0	0	0	0	0	12869	12847	12878	16868	17010	17008	16965	13782	13697	13750	13784	15291	15224	18075	17724	0	0	0	17941	13519	14361	13469	0	0	0	0	0	0	0	0	0	0	13465	14356	13510	17572	17429	17381	17805	15388	15248	15234	15379	0	0	0	0	0	0	0	0	0	0	0	0	0	0	0	0	0	0	0	0	0	0	0	0	0	0	0	0	0	0	0	0	997	883	1312	1090	277	241	261	262	247	266	245	256	244	229	256	257
15305	17369	17364	17690	17712	17730	17753	17780	13540	13483	0	0	17754	0	0	17756	17650	0	0	0	17628	13470	13442	13498	15681	17629	17610	17585	14386	14288	14347	14385	16072	18607	18594	18566	18305	18273	18260	18579	14079	14626	14153	0	18281	0	0	18194	18190	0	0	0	18166	14190	14643	14058	18222	18365	18513	18506	15989	15840	15948	15940	0	0	0	0	0	0	0	0	0	0	0	0	0	0	0	0	0	0	0	0	0	0	0	0	0	0	0	0	0	0	0	0	926	1286	1240	1149	277	242	261	262	247	266	244	256	244	229	256	257
13498	13465	13424	13424	13418	13414	13426	13434	13489	13467	13465	13461	13515	13512	13504	13463	13466	13502	13510	13493	13434	13457	13448	13441	13458	13442	13433	13397	14366	14292	14349	14359	14489	14469	15182	14577	15449	14776	15590	15563	15055	14995	14528	15231	14509	14509	14495	14726	14672	14526	14517	14409	15113	14545	14885	14893	15766	15585	14851	15095	15978	15844	15830	15933	0	0	0	0	0	0	0	0	0	0	0	0	0	0	0	0	0	0	0	0	0	0	0	0	0	0	0	0	0	0	0	0	1731	941	1115	2020	278	241	261	262	247	266	245	256	243	229	256	257
14873	14871	14869	14885	14902	15288	14919	14933	13708	13679	15396	15363	15371	17530	17522	15363	15466	17692	18159	18134	15453	15464	13666	15484	15460	15467	15449	15430	14570	14493	14551	14573	16377	16370	16296	16127	16090	16076	16086	16265	14028	14240	18878	15918	15931	18874	18867	16160	16017	18831	18814	18815	15991	15999	14225	16017	16073	16065	16114	16121	16199	16047	16188	16157	0	0	0	0	0	0	0	0	0	0	0	0	0	0	0	0	0	0	0	0	0	0	0	0	0	0	0	0	0	0	0	0	1733	1166	1847	2935	279	241	261	262	247	266	245	256	244	229	256	257
0	0	0	0	0	0	0	0	13694	13646	13627	0	0	0	0	0	0	0	0	0	0	13625	13615	13664	0	0	0	0	14521	14483	14505	14524	0	0	0	0	0	0	0	0	14347	15231	14808	0	0	0	0	0	0	0	0	0	0	14814	15173	14328	0	0	0	0	17186	16035	16181	15989	0	0	0	0	0	0	0	0	0	0	0	0	0	0	0	0	0	0	0	0	0	0	0	0	0	0	0	0	0	0	0	0	3943	843	1429	289	276	241	261	262	247	266	244	256	244	229	257	257
15398	15407	15405	17428	17566	17596	17590	17491	13635	13595	13590	17615	17625	17615	17491	17481	0	0	0	0	0	13582	13567	13607	17614	0	17728	17692	14491	14424	14476	14482	16026	16015	15976	18647	18647	18647	18656	18739	14278	15066	14301	18676	18635	18393	18649	18660	0	0	0	0	0	14300	14971	14243	18309	0	18221	18611	16107	15978	15956	16054	0	0	0	0	0	0	0	0	0	0	0	0	0	0	0	0	0	0	0	0	0	0	0	0	0	0	0	0	0	0	0	0	1333	769	1032	1552	277	241	261	262	247	266	245	256	244	230	257	257
14417	14475	14486	14499	14517	14541	14547	14543	13350	13299	13319	15153	15164	15153	15148	15142	15054	15060	15056	15050	15039	13292	13269	13303	14321	15048	15037	13959	14209	14127	14179	14192	15975	15970	15760	15730	15714	15698	15700	15712	13967	14511	13934	15717	15740	15728	15721	15735	16061	15810	15690	15684	16019	13943	14534	13963	15932	15714	15700	14373	15821	15675	15797	15760	0	0	0	0	0	0	0	0	0	0	0	0	0	0	0	0	0	0	0	0	0	0	0	0	0	0	0	0	0	0	0	0	1220	875	985	3871	279	242	261	261	247	266	244	256	243	229	257	257
14846	14857	14857	17244	17257	17265	17289	13018	13020	12996	13012	0	0	0	0	0	0	0	0	0	0	13003	12977	12994	13035	0	17185	17154	13884	13835	13868	13909	15393	15384	15281	18059	17786	17760	0	13485	13981	14365	13617	0	0	0	0	0	0	0	0	0	0	13604	14352	13931	13570	0	0	18039	15585	15388	15360	15425	0	0	0	0	0	0	0	0	0	0	0	0	0	0	0	0	0	0	0	0	0	0	0	0	0	0	0	0	0	0	0	0	2292	760	946	1154	277	241	261	262	247	266	244	256	244	229	256	257
14003	14009	14564	16628	16683	16742	16694	12762	12782	12809	16764	16703	16755	16760	16676	16658	16710	0	0	0	16846	16852	12786	12752	12786	16605	16584	14549	13659	13588	13629	13659	15486	15478	15186	17780	17807	17792	17804	13298	13770	13339	17647	17477	17583	17573	17563	17784	17722	0	0	0	17686	17653	13323	13766	13365	17728	17721	15057	15276	15140	15291	15124	0	0	0	0	0	0	0	0	0	0	0	0	0	0	0	0	0	0	0	0	0	0	0	0	0	0	0	0	0	0	0	0	1445	1028	2930	1430	277	241	260	261	246	266	244	255	244	229	256	257
14245	14249	14248	16864	16887	17211	16901	12998	13030	13050	16939	16925	16945	17055	16917	16910	16970	16991	0	0	16965	16973	13030	13002	13026	16891	16862	16846	13901	13844	13891	13901	15751	15661	14658	18106	18091	18079	18063	13558	14062	13575	17864	17963	17911	17799	17799	18089	18052	17512	0	0	17596	17526	13554	14055	13674	18061	18042	18036	15642	15394	15371	15474	0	0	0	0	0	0	0	0	0	0	0	0	0	0	0	0	0	0	0	0	0	0	0	0	0	0	0	0	0	0	0	0	1799	913	951	1602	276	240	260	261	246	265	243	255	243	228	255	256
15234	15245	15249	17271	17613	17638	17669	13397	13426	13458	0	0	0	0	0	0	0	0	0	0	0	0	13434	13401	13430	17575	17536	17338	14318	14243	14297	14321	15812	15790	15671	18440	18439	18172	18185	14074	14501	13772	0	0	0	0	0	0	0	0	0	0	0	0	14069	14486	14137	18403	18411	18410	15993	15790	15781	15780	0	0	0	0	0	0	0	0	0	0	0	0	0	0	0	0	0	0	0	0	0	0	0	0	0	0	0	0	0	0	0	0	1587	965	1189	1296	278	242	261	262	247	267	245	256	244	229	257	258
14690	15251	15247	17321	17640	17650	17692	17369	17727	13450	13458	13416	17682	17711	17742	17673	0	0	0	0	13422	13450	13420	0	17461	17569	17559	17533	14353	14275	14333	14354	16179	15877	15783	18511	18532	18525	18522	18538	18303	14180	14032	14468	18264	18251	18189	18249	0	0	0	0	14464	14036	14146	0	18156	18238	18225	18435	16038	15828	15824	15814	0	0	0	0	0	0	0	0	0	0	0	0	0	0	0	0	0	0	0	0	0	0	0	0	0	0	0	0	0	0	0	0	1620	884	972	1206	277	242	261	262	246	267	244	256	244	229	257	257
13774	14129	14131	14147	14157	14175	14207	14207	13116	13056	13054	14203	14218	14226	14255	14225	14212	14806	14802	14794	14212	13041	13026	13090	13750	13744	13730	13709	13949	13895	13950	13938	15730	15730	15716	15458	15461	15457	15476	15484	13691	14806	13834	15489	15507	15493	15493	15496	15820	15560	15437	15436	15756	13874	15371	13625	15463	15461	15443	15437	15646	15441	15415	15502	0	0	0	0	0	0	0	0	0	0	0	0	0	0	0	0	0	0	0	0	0	0	0	0	0	0	0	0	0	0	0	0	1625	699	1145	8191	280	241	261	262	247	266	244	256	243	229	256	257
14432	14444	14452	17009	17087	17106	17110	13195	13231	13236	17139	17121	17148	17141	17121	17102	0	0	0	0	0	0	13220	13191	13221	17104	14993	14966	14112	14026	14086	14098	15846	15643	15619	18321	18230	18190	18219	13723	14301	13811	18221	18197	18027	18011	18127	18215	0	0	0	0	0	0	13774	14274	13798	18253	15374	15508	15722	15579	15575	15671	0	0	0	0	0	0	0	0	0	0	0	0	0	0	0	0	0	0	0	0	0	0	0	0	0	0	0	0	0	0	0	0	939	944	1006	1639	277	242	261	262	247	267	244	256	244	229	257	257
14870	14878	14915	13770	13699	13754	14995	13754	13779	13775	15035	15017	15026	15021	15015	14999	14455	15513	15507	15498	14446	14450	13759	13752	13782	14447	13786	13732	14660	14597	14635	14654	16439	16438	16416	14316	15085	14429	16188	14267	14918	14368	16220	16204	16223	16212	16210	16215	16523	16190	16179	16168	16450	15353	14643	14995	14331	16185	15268	15072	16280	16155	16125	18614	0	0	0	0	0	0	0	0	0	0	0	0	0	0	0	0	0	0	0	0	0	0	0	0	0	0	0	0	0	0	0	0	1556	842	1286	8191	280	241	260	262	247	266	244	256	244	228	256	257
14812	14832	14832	15224	15235	17541	17542	13569	13615	13623	17570	17526	17563	17546	17522	17500	15359	17558	17738	17731	17479	17483	13602	13577	13589	15367	15355	15333	14495	14418	14474	14481	16100	16084	16067	15997	15529	18624	18631	14398	14826	14221	18667	18651	18627	18462	18643	18651	15690	18620	18614	18620	18599	18605	14198	14835	14442	16029	16019	16019	16107	15984	15950	16067	0	0	0	0	0	0	0	0	0	0	0	0	0	0	0	0	0	0	0	0	0	0	0	0	0	0	0	0	0	0	0	0	1384	1078	1160	2069	278	241	261	262	247	266	244	256	244	229	257	257
14640	14643	16688	17049	0	0	0	17367	12811	12904	0	0	0	0	0	0	0	0	0	0	0	0	12878	12782	16977	0	0	16967	13702	13630	13666	13721	15188	15182	17880	17765	0	0	0	17788	14204	13418	0	0	0	0	0	0	0	0	0	0	0	0	13397	14194	17552	0	0	17814	15314	15182	15346	15308	0	0	0	0	0	0	0	0	0	0	0	0	0	0	0	0	0	0	0	0	0	0	0	0	0	0	0	0	0	0	0	0	1521	836	1452	1001	277	242	261	262	247	266	244	256	244	229	257	257
14352	14354	14891	14909	17010	17024	17020	13071	13114	13136	17053	17021	17047	17051	17021	17000	17234	0	0	0	0	17234	13112	13077	13092	16960	16935	16919	13993	13908	13975	13990	15786	15754	15744	15250	18134	18130	18138	13951	14179	13703	18128	18114	18087	17906	17953	18165	18126	0	0	0	0	17722	13682	14164	14040	18117	18097	18083	15665	15459	15461	15582	0	0	0	0	0	0	0	0	0	0	0	0	0	0	0	0	0	0	0	0	0	0	0	0	0	0	0	0	0	0	0	0	2142	1128	1191	1686	277	241	261	262	246	266	244	256	244	229	256	257
15309	17388	17734	0	0	0	0	13478	13497	0	0	0	0	0	0	0	0	0	0	0	0	0	0	13474	13510	0	0	0	14372	14303	14341	14391	15834	18331	18266	0	0	0	0	14031	14359	0	0	0	0	0	0	0	0	0	0	0	0	0	0	14350	14104	0	0	0	15982	15854	15828	15842	0	0	0	0	0	0	0	0	0	0	0	0	0	0	0	0	0	0	0	0	0	0	0	0	0	0	0	0	0	0	0	0	1589	1092	1344	883	276	241	260	261	247	266	244	256	243	229	256	257
17616	17997	18002	0	0	0	0	13714	13760	13766	0	0	0	0	0	0	0	0	0	0	0	0	13754	13738	13749	0	0	0	14639	14578	14610	14663	18886	18872	18856	0	0	0	0	14545	15360	14383	0	0	0	0	0	0	0	0	0	0	0	0	14396	15362	14630	0	0	0	16257	16130	16240	16109	0	0	0	0	0	0	0	0	0	0	0	0	0	0	0	0	0	0	0	0	0	0	0	0	0	0	0	0	0	0	0	0	1659	856	1259	918	277	241	261	262	247	267	244	256	244	229	256	257
17501	0	0	0	0	0	0	0	13703	13636	13622	0	0	0	0	0	0	0	0	0	0	13625	13621	13682	0	0	0	0	14528	14473	14493	14550	18446	0	0	0	0	0	0	0	14237	14630	14509	0	0	0	0	0	0	0	0	0	0	14512	14584	14219	0	0	0	0	16140	16029	16157	15999	0	0	0	0	0	0	0	0	0	0	0	0	0	0	0	0	0	0	0	0	0	0	0	0	0	0	0	0	0	0	0	0	1725	672	1540	781	277	241	261	262	247	267	245	256	244	229	256	257
14890	15461	15456	17502	17573	17615	17570	17553	13646	17665	17619	17584	17598	17650	17547	17537	17570	17593	18059	17730	17557	17552	17479	13608	13670	15424	15412	15390	14523	14462	14505	14524	16336	16278	16033	18705	18693	18677	18682	18754	14643	18650	18682	18628	18456	18443	18435	18674	18762	18669	18565	18601	18699	18593	18742	14631	14152	15973	15958	15960	16147	16019	16128	16189	0	0	0	0	0	0	0	0	0	0	0	0	0	0	0	0	0	0	0	0	0	0	0	0	0	0	0	0	0	0	0	0	1912	734	2124	1742	278	242	261	262	247	266	244	257	244	229	257	257
14121	14133	14170	14196	14225	14517	14243	14251	13039	12996	12998	14849	14865	14857	14851	14846	14764	16823	14774	14766	14754	12990	12971	13010	14032	14766	14757	14738	13888	13826	13874	13883	15486	15476	15466	15436	15424	15420	15426	15457	13609	14313	13621	15447	15470	15454	15450	15458	15418	15416	15402	15393	15387	13615	14284	13593	14642	15417	15400	15399	15539	15377	15357	15466	0	0	0	0	0	0	0	0	0	0	0	0	0	0	0	0	0	0	0	0	0	0	0	0	0	0	0	0	0	0	0	0	1438	885	1051	3654	279	242	261	262	247	266	244	256	244	229	257	257
14858	14859	17273	0	0	0	0	0	13058	13014	13020	0	0	0	0	0	0	0	0	0	0	13007	12983	13021	17220	0	0	0	13916	13835	13881	13917	15376	15335	18007	0	0	0	0	0	13582	14257	13557	0	0	0	0	0	0	0	0	0	0	13556	14243	13565	17778	0	0	0	15520	15384	15502	15374	0	0	0	0	0	0	0	0	0	0	0	0	0	0	0	0	0	0	0	0	0	0	0	0	0	0	0	0	0	0	0	0	1073	884	1477	1017	277	241	260	262	247	266	245	256	244	229	257	257
14078	14630	14623	16680	16794	17020	16736	16724	12815	12803	17077	16734	16758	17056	16738	16714	16742	0	0	16959	16906	16897	12775	12782	14576	16636	16630	14563	13690	13615	13660	13698	15501	15498	15393	17832	17825	17573	17835	17904	13910	13833	17583	17715	17608	17586	17590	17840	17800	0	0	17504	17766	17711	13838	13909	15478	17823	17793	15009	15362	15175	15155	15264	0	0	0	0	0	0	0	0	0	0	0	0	0	0	0	0	0	0	0	0	0	0	0	0	0	0	0	0	0	0	0	0	1690	832	1094	1714	277	240	260	261	246	266	244	255	243	228	256	256
15184	15191	15204	17606	17617	17887	17892	17896	13388	13363	13363	0	0	13348	0	17900	0	0	13332	0	0	13359	13342	13364	17427	0	0	0	14267	14179	14222	14280	16026	15770	15748	18407	18407	18371	18388	18441	14168	14810	14018	0	0	13999	0	18322	0	0	13951	0	0	14023	14724	14110	18109	0	0	0	15872	15729	15868	15732	0	0	0	0	0	0	0	0	0	0	0	0	0	0	0	0	0	0	0	0	0	0	0	0	0	0	0	0	0	0	0	0	1647	1617	2490	1211	278	241	261	262	247	266	245	256	244	229	257	257
14736	14751	14763	16811	17139	17169	17193	17227	12961	12903	12899	17221	17199	17230	17227	17197	17112	0	0	0	17077	12888	12875	12933	15097	17065	17049	17023	13806	13748	13782	13806	15659	15306	15201	17903	17715	17709	17711	18022	13516	14708	13581	17606	17738	0	17608	17708	17613	0	0	0	0	13580	14686	13500	15648	17629	17941	17943	15428	15306	15277	15267	0	0	0	0	0	0	0	0	0	0	0	0	0	0	0	0	0	0	0	0	0	0	0	0	0	0	0	0	0	0	0	0	1409	497	997	1123	276	241	260	261	246	266	243	255	243	229	256	257
14378	14392	14390	14783	14760	13125	13111	13149	13215	13161	13165	16990	17013	17006	17003	14848	14719	17100	17095	15077	17049	13161	13137	13183	13178	13136	13136	14907	14059	13985	14025	14048	15702	15686	15671	15554	15335	14215	14639	13755	13822	14407	13841	18230	18231	18199	18187	15433	15625	18194	18179	15474	18170	13877	14409	13819	14267	14785	14274	15607	15669	15539	15514	15634	0	0	0	0	0	0	0	0	0	0	0	0	0	0	0	0	0	0	0	0	0	0	0	0	0	0	0	0	0	0	0	0	875	1004	1221	2363	278	241	261	262	247	266	244	256	243	229	256	257
15380	15383	17385	17429	17732	17749	17758	13542	13573	13562	17800	17807	17786	17778	17764	17760	17685	0	0	17677	17652	13573	13535	13529	13557	17633	17613	17362	14464	14363	14437	14448	16132	15933	18746	18573	18586	18577	18587	14189	14931	14537	18601	18508	18521	18321	18318	18576	18535	0	0	18456	18505	14070	14481	14935	14281	18556	18536	18523	16072	15911	15929	15913	0	0	0	0	0	0	0	0	0	0	0	0	0	0	0	0	0	0	0	0	0	0	0	0	0	0	0	0	0	0	0	0	1166	1636	980	1252	277	241	261	262	247	265	245	256	244	229	256	257
14119	14133	14668	16732	16771	16839	16808	16792	16918	16933	16921	16846	16862	16901	16812	16830	0	0	0	0	0	0	0	0	16981	17082	17046	17010	13768	13686	13738	13765	15593	15304	15294	17981	17978	17967	17979	18011	18023	18006	17989	17975	17986	17815	17962	17973	0	0	0	0	0	0	0	0	17652	17515	17599	17721	15376	15235	15217	15345	0	0	0	0	0	0	0	0	0	0	0	0	0	0	0	0	0	0	0	0	0	0	0	0	0	0	0	0	0	0	0	0	1040	913	1132	1599	278	241	261	262	247	266	244	256	244	230	257	257
14509	15056	15048	17067	17147	17247	17173	17171	13299	13257	13257	17173	17195	17184	17169	17143	17688	0	0	0	0	13248	13224	13271	17268	17353	17346	17077	14156	14076	14137	14144	15882	15646	15606	18303	18292	18281	18281	18388	14011	15302	14049	18285	18286	18200	18257	18294	18229	0	0	0	0	14017	15209	13993	18194	18242	18250	18242	15764	15625	15616	15606	0	0	0	0	0	0	0	0	0	0	0	0	0	0	0	0	0	0	0	0	0	0	0	0	0	0	0	0	0	0	0	0	1629	981	1298	1554	278	242	261	262	247	266	245	256	245	229	257	257
14079	14090	14636	16684	16794	16816	16807	16771	12874	12835	12815	16818	16846	16840	16815	16810	0	0	0	0	0	12819	12817	12865	16940	0	17010	16958	13728	13658	13714	13736	15571	15412	15275	17971	17959	17946	17959	17977	13731	14704	13678	17977	17983	17970	17967	17967	0	0	0	0	0	13673	14662	13512	17604	0	17556	17853	15421	15207	15353	15323	0	0	0	0	0	0	0	0	0	0	0	0	0	0	0	0	0	0	0	0	0	0	0	0	0	0	0	0	0	0	0	0	2381	1349	1253	1703	277	240	260	261	246	265	243	254	243	228	255	256
14941	14955	14952	17545	17600	17746	17752	13726	13727	13714	17768	17685	17746	17754	17732	17645	17650	17669	17671	17658	17627	17634	13682	13691	13733	15481	15478	15455	14605	14535	14598	14593	16330	16167	16153	18746	18731	18719	18729	14268	15022	14798	18755	18746	18742	18288	18726	18733	18751	18751	18735	18729	18729	18729	14794	15019	14331	16053	16096	16100	16229	16092	16080	16193	0	0	0	0	0	0	0	0	0	0	0	0	0	0	0	0	0	0	0	0	0	0	0	0	0	0	0	0	0	0	0	0	1399	793	835	1939	278	242	261	262	247	267	245	256	244	229	257	257
14666	14666	14743	14768	14790	14814	14786	13546	13582	13575	15441	15424	14837	15420	15415	15407	14716	15353	15353	15347	15328	15335	13557	13560	13577	14741	15328	14631	14437	14380	14448	14478	16262	16260	16023	16001	16003	15988	15999	14138	15663	14578	16023	16011	16039	16026	16005	16017	14962	15985	15960	15950	15954	15970	14562	15911	14274	15103	15970	15175	16132	15925	16056	16049	0	0	0	0	0	0	0	0	0	0	0	0	0	0	0	0	0	0	0	0	0	0	0	0	0	0	0	0	0	0	0	0	4073	2169	3768	3407	280	242	261	262	246	266	245	256	244	229	256	257
14656	14668	14682	16698	17047	17071	17087	16749	17162	17147	0	17120	17102	17121	17120	17096	17316	0	0	0	0	16959	16957	16970	14990	16942	16923	16659	13736	13653	13704	13728	15556	15213	17888	17863	17874	17609	17625	17902	17894	17573	0	17392	17630	17423	17408	17585	17796	0	0	0	0	17373	17700	17846	15476	17857	17837	17824	15346	15203	15268	15192	0	0	0	0	0	0	0	0	0	0	0	0	0	0	0	0	0	0	0	0	0	0	0	0	0	0	0	0	0	0	0	0	1339	1262	969	1148	277	241	261	262	246	266	244	256	244	229	257	257
0	0	0	0	0	0	0	13706	13731	13724	0	0	0	0	0	0	0	0	0	0	0	0	13703	13703	13729	0	0	0	14630	14535	14559	14632	0	0	0	0	0	0	0	14288	15149	14419	0	0	0	0	0	0	0	0	0	0	0	0	14428	15123	14358	0	0	0	16239	16080	18701	16094	0	0	0	0	0	0	0	0	0	0	0	0	0	0	0	0	0	0	0	0	0	0	0	0	0	0	0	0	0	0	0	0	411	960	8191	659	277	241	261	262	247	267	245	256	244	229	256	257
14911	14922	14917	13073	13085	17395	17412	17415	13122	13100	13118	0	0	0	0	0	0	0	0	0	0	13118	13083	13099	17287	0	0	13051	13997	13933	13963	14007	15482	15474	15454	14260	13989	17750	0	17888	14117	14309	13669	0	0	0	0	0	0	0	0	0	0	13674	14293	14065	17833	0	0	13985	15719	15488	15594	15457	0	0	0	0	0	0	0	0	0	0	0	0	0	0	0	0	0	0	0	0	0	0	0	0	0	0	0	0	0	0	0	0	1628	822	1619	1174	277	242	261	262	247	266	244	256	244	228	257	257
15353	15369	15386	17416	17761	17786	17802	13532	13544	17866	17856	17836	17822	17831	17831	17816	17713	0	0	0	17672	17677	17669	13519	13560	17665	17648	17375	14446	14343	14392	14442	16270	16043	15925	18524	18331	18323	18323	14035	14436	18339	18199	18245	18349	18322	18303	18323	18239	0	0	0	18223	18227	18225	14418	14111	18572	18556	18540	16049	15888	16015	15900	0	0	0	0	0	0	0	0	0	0	0	0	0	0	0	0	0	0	0	0	0	0	0	0	0	0	0	0	0	0	0	0	567	1034	1419	1120	276	241	260	261	246	265	244	255	244	229	255	256
14304	14309	14309	14327	14636	14664	14677	14640	13127	13105	13140	14698	14708	15015	15003	14981	14618	14626	14875	14605	14603	13122	13074	13085	14163	14601	14582	14565	13993	13937	13967	13986	15667	15556	15552	15529	15540	15531	15544	15567	14079	14204	13592	15555	15564	15541	15533	14706	15511	15501	15476	15484	15478	13622	14280	14067	15500	15508	15496	15491	15675	15491	15606	15569	0	0	0	0	0	0	0	0	0	0	0	0	0	0	0	0	0	0	0	0	0	0	0	0	0	0	0	0	0	0	0	0	2061	874	2181	2679	279	241	261	262	247	266	244	256	244	230	256	257
14603	14600	16989	0	0	0	0	0	12822	12772	12758	12815	0	0	0	0	0	0	0	0	12822	12754	12755	12795	19571	0	0	0	13659	13622	13639	13688	15129	15114	17840	0	0	0	0	0	13457	14127	13763	13380	0	0	0	0	0	0	0	0	13385	13716	14121	13465	20065	0	0	0	15371	15178	15131	15142	0	0	0	0	0	0	0	0	0	0	0	0	0	0	0	0	0	0	0	0	0	0	0	0	0	0	0	0	0	0	0	0	1685	730	1139	947	277	242	261	262	247	267	245	256	244	229	257	257
13630	13606	13598	13935	13951	13613	13611	13621	13642	13652	0	0	14003	13997	0	13995	0	0	0	14015	0	0	13628	13600	13617	13572	13595	13854	14563	14445	14504	14541	14528	15085	14458	14192	14437	14639	15083	14259	14553	14149	0	0	14400	14257	0	0	0	0	0	14291	0	0	14175	14578	14749	15105	14749	14704	16172	15994	15994	16007	0	0	0	0	0	0	0	0	0	0	0	0	0	0	0	0	0	0	0	0	0	0	0	0	0	0	0	0	0	0	0	0	253	790	840	314	276	241	261	262	247	266	244	256	244	229	257	257
15313	15321	17065	17473	17732	17744	17750	17414	13553	13481	13463	13488	17788	17784	17779	17762	0	0	0	0	13485	13463	13456	13523	17497	17612	17317	17313	14403	14309	14326	14392	16205	15894	18503	18295	18276	18256	18256	18560	14094	14794	14680	14083	18245	18059	18061	18171	0	0	0	0	14093	14698	14786	14088	18196	18159	18156	18444	16017	15856	15985	15981	0	0	0	0	0	0	0	0	0	0	0	0	0	0	0	0	0	0	0	0	0	0	0	0	0	0	0	0	0	0	0	0	392	1160	4079	1252	277	242	260	261	246	266	244	256	243	229	257	257
13666	15142	13333	13277	13261	13253	13267	13341	13323	13372	0	0	17607	0	0	0	0	0	0	0	13638	0	13337	13294	13339	13302	13273	13255	14208	14122	14157	14222	14289	15640	13729	13945	15279	14764	14057	13905	14401	13977	0	0	17939	0	0	0	0	0	0	0	14073	0	14018	14405	13962	14159	15023	15312	15877	15756	19188	15670	0	0	0	0	0	0	0	0	0	0	0	0	0	0	0	0	0	0	0	0	0	0	0	0	0	0	0	0	0	0	0	0	2091	1787	8191	1122	278	241	261	262	247	266	245	256	244	230	256	257
15234	15247	17657	0	0	0	0	0	13430	13405	13426	0	0	0	0	0	0	0	0	0	0	13434	13389	13409	0	0	0	0	14307	14230	14265	14318	15790	15758	18307	0	0	0	0	0	14161	14385	13943	0	0	0	0	0	0	0	0	0	0	13912	14329	14131	0	0	0	0	15911	15786	15761	15768	0	0	0	0	0	0	0	0	0	0	0	0	0	0	0	0	0	0	0	0	0	0	0	0	0	0	0	0	0	0	0	0	1877	910	1266	1069	277	241	260	261	247	267	244	256	244	229	257	257
14859	14862	14857	17223	17252	17558	17563	17559	13034	13269	0	0	0	0	0	0	0	0	0	0	0	0	13254	13008	17147	0	17497	17465	13921	13858	13891	13933	15445	15425	15401	18067	18071	17983	17995	18109	14114	13798	0	0	0	0	0	0	0	0	0	0	0	0	13782	14099	17805	0	0	18006	15539	15413	15512	15386	0	0	0	0	0	0	0	0	0	0	0	0	0	0	0	0	0	0	0	0	0	0	0	0	0	0	0	0	0	0	0	0	1302	745	1880	1221	276	240	260	261	246	265	244	256	243	228	255	256
14651	14655	14656	17057	17085	0	0	17369	12843	12817	12819	12801	12835	0	0	0	0	0	0	12803	12778	12803	12798	12823	12873	0	0	0	13712	13648	13692	13725	15188	15188	15129	17858	17350	0	0	17844	13715	14045	13449	13967	13436	0	0	0	0	0	0	13387	13981	13431	14036	13726	13204	0	0	0	15327	15199	15179	15182	0	0	0	0	0	0	0	0	0	0	0	0	0	0	0	0	0	0	0	0	0	0	0	0	0	0	0	0	0	0	0	0	995	870	1184	896	277	241	261	262	247	266	245	257	243	229	257	257
15030	17099	17106	17440	0	0	0	0	13229	13183	13193	0	0	0	0	0	0	0	0	0	0	13185	13161	13201	17260	0	0	17366	14073	14016	14059	14088	15569	18281	18247	18201	0	0	0	0	14454	14981	14426	0	0	0	0	0	0	0	0	0	0	14415	14971	14422	17937	0	0	18172	15737	15569	15547	15541	0	0	0	0	0	0	0	0	0	0	0	0	0	0	0	0	0	0	0	0	0	0	0	0	0	0	0	0	0	0	0	0	1716	891	987	1076	276	241	260	261	246	265	244	256	243	228	256	256
15012	15015	15545	17602	17638	17779	17766	17666	13806	13747	13727	13726	17769	17783	17669	17660	17879	0	0	0	13727	13715	13711	13784	17762	17762	17755	17573	14635	14568	14618	14638	16377	16197	16147	18810	18806	18777	18800	18880	14357	14639	15623	14385	18553	18511	18691	18802	18741	0	0	0	14374	15537	14632	14313	18726	18726	18720	18730	16252	16127	16108	16098	0	0	0	0	0	0	0	0	0	0	0	0	0	0	0	0	0	0	0	0	0	0	0	0	0	0	0	0	0	0	0	0	1788	801	1130	1508	277	242	260	262	246	266	244	256	243	229	257	257
14759	14764	14766	16893	17173	17191	17506	13109	12951	13149	0	0	0	0	0	0	0	0	0	0	0	0	13140	12923	13147	0	0	17065	13843	13777	13827	13843	15609	15357	15325	17993	17998	17675	17787	13634	14219	13716	0	0	0	0	0	0	0	0	0	0	0	0	13687	14188	13700	0	0	17621	15455	15333	15304	15319	0	0	0	0	0	0	0	0	0	0	0	0	0	0	0	0	0	0	0	0	0	0	0	0	0	0	0	0	0	0	0	0	1627	789	1123	1261	277	242	261	262	247	266	244	256	244	229	256	257
14806	16879	16878	0	0	0	0	0	12986	0	0	0	0	0	0	0	0	0	0	0	0	0	0	12961	17183	0	0	0	13854	13810	13845	13894	15311	18006	17989	0	0	0	0	0	14333	0	0	0	0	0	0	0	0	0	0	0	0	0	0	14320	17576	0	0	0	15558	15365	15338	15350	0	0	0	0	0	0	0	0	0	0	0	0	0	0	0	0	0	0	0	0	0	0	0	0	0	0	0	0	0	0	0	0	1695	851	1272	896	277	241	261	262	246	266	244	256	244	228	256	257
14632	15190	17287	17312	17663	17680	17688	17702	13378	0	0	0	0	0	0	0	0	0	0	0	0	0	0	13357	0	0	0	0	14265	14183	14242	14286	15735	15704	18383	18209	18189	18069	17983	18027	14351	0	0	0	0	0	0	0	0	0	0	0	0	0	0	14311	0	0	0	0	15872	15732	15873	15734	0	0	0	0	0	0	0	0	0	0	0	0	0	0	0	0	0	0	0	0	0	0	0	0	0	0	0	0	0	0	0	0	1553	1464	1104	1093	277	241	261	262	247	266	245	256	244	229	256	257
14622	14626	16684	17124	0	0	0	0	12833	12795	12794	0	0	0	0	0	0	0	0	0	0	12787	12768	12803	17061	0	0	0	13701	13613	13659	13704	15196	15170	17770	17647	0	0	0	0	13485	15210	13461	0	0	0	0	0	0	0	0	0	0	13465	15191	13463	17613	0	0	0	15308	15172	15154	15157	0	0	0	0	0	0	0	0	0	0	0	0	0	0	0	0	0	0	0	0	0	0	0	0	0	0	0	0	0	0	0	0	1360	919	1347	1125	277	242	261	262	248	266	245	256	244	229	257	257
15363	17438	20277	17799	0	0	0	0	13551	13508	13530	0	0	0	0	0	0	0	0	0	0	13512	13485	13517	17702	0	0	0	14400	14328	14382	14418	15844	18353	18329	0	0	0	0	0	14166	14628	14114	0	0	0	0	0	0	0	0	0	0	14124	14628	14162	18265	0	0	0	16015	15879	15869	15873	0	0	0	0	0	0	0	0	0	0	0	0	0	0	0	0	0	0	0	0	0	0	0	0	0	0	0	0	0	0	0	0	1581	2079	1205	938	277	241	261	262	247	266	245	256	244	228	257	257
14767	14775	15305	17357	17420	17453	17438	17433	13550	13508	13523	17460	17491	17490	17437	17435	17466	17473	0	17630	17444	13508	13481	13517	15277	17352	17339	15283	14395	14336	14377	14404	16228	16162	15926	18626	18601	18465	18578	18650	14153	14685	14119	18339	18355	18335	18329	18613	18609	18513	0	18494	18508	14131	14694	14157	16100	18560	18514	18510	16076	15884	15862	15987	0	0	0	0	0	0	0	0	0	0	0	0	0	0	0	0	0	0	0	0	0	0	0	0	0	0	0	0	0	0	0	0	1836	772	1030	1796	278	241	261	262	248	266	244	256	244	229	257	257
14875	14875	16639	16955	17307	17319	17327	17016	13060	17384	0	0	17346	0	17352	0	17260	0	0	0	0	0	17184	13030	15233	16931	16916	16903	13943	13871	13913	13942	15787	15433	18123	18056	17839	17830	17829	18136	13931	17709	0	0	17846	0	17628	17835	17563	0	0	0	0	0	17700	13925	15766	18103	18081	18073	15551	15423	15663	15431	0	0	0	0	0	0	0	0	0	0	0	0	0	0	0	0	0	0	0	0	0	0	0	0	0	0	0	0	0	0	0	0	1284	786	1133	1030	276	241	260	262	247	266	244	256	243	229	256	257
14854	14871	16856	17199	17225	17238	17251	16931	13066	13000	13045	0	17261	0	0	17268	0	0	0	0	0	13014	12977	13028	16985	17098	17085	16837	13900	13827	13870	13906	15437	15378	18049	17756	17774	17766	17762	18063	13585	13979	13493	0	17783	0	0	0	0	0	0	0	0	13519	13989	13556	17977	17969	17985	17977	15575	15379	15360	15555	0	0	0	0	0	0	0	0	0	0	0	0	0	0	0	0	0	0	0	0	0	0	0	0	0	0	0	0	0	0	0	0	1420	865	1334	1282	278	241	261	262	247	266	245	256	244	230	256	257
15102	15107	15100	17129	17498	17522	17534	17190	13295	13269	13271	0	17573	17558	0	17544	0	0	0	0	0	13269	13247	13271	13330	17385	17373	17110	14177	14101	14115	14182	16001	15995	15656	18124	18311	18048	18064	18366	14124	14604	13911	0	0	17832	0	17917	0	0	0	0	0	13906	14543	14143	13728	17923	18241	18247	15785	15654	18984	15637	0	0	0	0	0	0	0	0	0	0	0	0	0	0	0	0	0	0	0	0	0	0	0	0	0	0	0	0	0	0	0	0	1357	951	8191	1146	278	241	261	262	247	266	244	256	244	229	256	257
14211	14215	14212	14227	14578	14595	14616	14622	13018	13034	16950	16928	16954	16945	16921	16887	14816	16955	16962	14838	14814	14834	13029	12991	14476	14774	14769	14745	13908	13834	13867	13902	15474	15460	15452	15420	15416	15405	15416	15441	14164	13562	18067	18065	17894	17816	17953	18057	15364	17686	17527	15142	15333	15315	13530	14175	15404	15403	15386	15386	15525	15387	15603	15495	0	0	0	0	0	0	0	0	0	0	0	0	0	0	0	0	0	0	0	0	0	0	0	0	0	0	0	0	0	0	0	0	1094	846	1563	2085	277	241	261	261	247	266	245	256	244	229	256	257
15290	15295	17307	17635	17694	17721	17742	17760	17786	13436	0	0	17753	0	0	17740	17649	0	0	0	17583	17581	13409	17593	15620	17572	17556	17286	14324	14275	14316	14349	16175	15830	18492	18441	18238	18229	18180	18540	18267	14300	0	0	18145	0	0	18110	18134	0	0	0	17985	18127	14293	18470	16114	18489	18472	18458	15932	15830	15808	15802	0	0	0	0	0	0	0	0	0	0	0	0	0	0	0	0	0	0	0	0	0	0	0	0	0	0	0	0	0	0	0	0	1814	848	1337	1161	277	241	261	262	247	266	244	256	243	229	256	257
15563	15567	17627	17650	17982	18001	18022	17713	18071	13729	18095	18068	18051	18048	18057	18033	0	0	0	0	0	0	13708	0	15942	17927	17909	17878	14647	14560	14605	14650	16477	16078	18868	18770	18561	18556	18556	18864	18614	14772	0	18501	18581	18568	18550	18560	0	0	0	0	0	0	14747	0	16492	18478	18458	18690	16250	16114	16330	16105	0	0	0	0	0	0	0	0	0	0	0	0	0	0	0	0	0	0	0	0	0	0	0	0	0	0	0	0	0	0	0	0	1129	881	1144	1011	278	242	261	262	247	266	245	256	244	229	256	258
14145	14736	14732	16776	16820	17146	12877	12861	12910	13254	12890	17197	16899	16919	17185	16899	16856	16867	17320	17309	16978	12887	13186	12875	12893	12892	16724	14659	13790	13714	13760	13800	14547	15396	15267	17910	17923	17913	13515	13772	14324	13833	13461	17937	17834	17704	17746	17929	17959	17180	17832	17859	17892	13485	13890	14306	13925	13606	17904	15399	15470	15266	15246	15252	0	0	0	0	0	0	0	0	0	0	0	0	0	0	0	0	0	0	0	0	0	0	0	0	0	0	0	0	0	0	0	0	2620	1465	1392	1592	278	241	261	262	247	266	244	256	244	229	256	257
14738	14743	15296	17400	17447	17460	17447	17434	13498	13483	17504	17460	17483	17498	17481	17460	17403	17444	17898	17641	17376	17379	13461	13473	13522	15250	15244	15223	14360	14309	14347	14386	16197	16169	16080	18647	18505	18507	18514	18647	14543	14481	18208	18513	18367	18323	18370	18508	18610	18605	18441	18566	18452	18568	14481	14551	14066	15832	15824	15829	16045	15856	15997	15989	0	0	0	0	0	0	0	0	0	0	0	0	0	0	0	0	0	0	0	0	0	0	0	0	0	0	0	0	0	0	0	0	2110	1106	1895	1747	278	241	261	262	247	266	245	256	244	229	256	258
14806	14816	14812	16855	17195	17218	16954	16929	13029	12981	12989	17272	16978	17257	17236	16966	16935	0	0	17133	17096	12967	12948	12985	15117	16813	16800	15103	13884	13801	13851	13871	15709	15405	15369	17982	17994	17876	17999	18123	13664	14446	13634	17794	17814	17798	17794	17806	18013	0	0	17612	17645	13676	14511	13665	15700	18008	17981	15408	15498	15355	15343	15343	0	0	0	0	0	0	0	0	0	0	0	0	0	0	0	0	0	0	0	0	0	0	0	0	0	0	0	0	0	0	0	0	1038	831	1537	1423	277	241	261	262	247	266	244	256	243	230	256	257
15563	15567	15567	17957	17971	17991	18003	18014	18053	13746	0	0	0	0	0	0	0	0	0	0	0	0	13712	0	15837	17854	17838	17797	14626	14550	14614	14636	16473	16465	16090	18486	18500	18461	18412	18814	18378	14189	0	0	0	0	0	0	0	0	0	0	0	0	14204	0	16394	18720	18709	18703	16304	16104	16103	16103	0	0	0	0	0	0	0	0	0	0	0	0	0	0	0	0	0	0	0	0	0	0	0	0	0	0	0	0	0	0	0	0	2610	1492	1078	1057	277	241	261	262	247	266	245	257	243	229	257	257
14942	14945	14952	16982	17010	17311	17325	17017	13101	13094	17395	17028	17336	17364	17015	17003	17028	17041	17218	17180	17059	17035	13054	13062	13124	16911	16905	16897	13962	13908	13959	13965	15499	15485	18294	18083	17902	17884	17879	18193	14731	14315	17692	17878	17904	17878	17894	17892	18115	18110	18097	18093	18087	18093	14315	14739	15773	18111	18085	18224	15646	15465	15445	15421	0	0	0	0	0	0	0	0	0	0	0	0	0	0	0	0	0	0	0	0	0	0	0	0	0	0	0	0	0	0	0	0	1785	788	950	1580	277	241	261	262	247	266	244	256	244	229	256	257
14383	14385	14933	16991	17039	17071	17056	17049	13153	17131	17089	17060	17081	17134	17040	17025	17079	17091	17554	17223	17065	17077	17217	13110	14908	14941	14919	14894	14040	13961	14019	14021	15818	15546	15515	18157	18189	18155	18172	18251	13774	18201	18174	18165	18169	17937	17951	18200	18229	18106	18071	18091	18102	18091	18102	13798	15830	15421	15455	15459	15652	15515	15504	15688	0	0	0	0	0	0	0	0	0	0	0	0	0	0	0	0	0	0	0	0	0	0	0	0	0	0	0	0	0	0	0	0	1285	960	947	1872	277	240	260	262	247	266	244	256	243	228	256	256
14654	14690	14696	15331	15352	15374	17390	17395	13516	17443	17420	17395	15399	17399	15393	15383	15263	15273	15267	15259	15250	15263	15261	13470	14523	15254	15246	15228	14382	14319	14366	14372	15986	15962	15946	15907	15886	15690	18636	18650	14387	18658	18622	18650	15869	18436	15777	15877	15889	15893	15871	15870	15859	15869	15867	14383	15114	15897	15881	15877	16005	15872	15846	15949	0	0	0	0	0	0	0	0	0	0	0	0	0	0	0	0	0	0	0	0	0	0	0	0	0	0	0	0	0	0	0	0	1397	820	1055	3076	278	242	261	262	247	266	244	256	244	230	256	257
17814	17860	0	0	0	0	0	13569	13564	13600	0	0	0	0	0	0	0	0	0	0	0	0	13550	13527	13559	0	0	0	14443	14360	14411	14459	18613	18593	0	0	0	0	0	14172	15414	14247	0	0	0	0	0	0	0	0	0	0	0	0	14255	15384	14217	0	0	0	16051	15907	15897	15919	0	0	0	0	0	0	0	0	0	0	0	0	0	0	0	0	0	0	0	0	0	0	0	0	0	0	0	0	0	0	0	0	1702	1137	1400	959	277	241	261	262	247	265	245	256	244	229	256	258
14711	14714	16819	17169	17170	0	0	12875	12904	12902	0	0	0	0	0	0	0	0	0	0	0	0	12895	12879	12913	0	0	0	13768	13702	13756	13809	15590	15216	17961	17680	17571	0	0	13422	13922	13494	0	0	0	0	0	0	0	0	0	0	0	0	13500	13901	13483	0	0	0	15459	16574	15233	15264	0	0	0	0	0	0	0	0	0	0	0	0	0	0	0	0	0	0	0	0	0	0	0	0	0	0	0	0	0	0	0	0	4021	2723	1156	999	277	242	261	262	247	266	245	256	244	229	256	257
13963	13979	13981	13995	14347	14405	14407	12797	12786	12831	14482	14465	14486	16595	16591	16579	14536	14551	14551	14543	14530	14543	12814	12762	12825	14539	14528	14509	13659	13613	13658	13663	15450	15306	15260	15177	15158	14979	14975	13344	13834	13409	14740	14830	17933	17925	17921	17921	15141	15119	15097	15110	15106	15123	13393	13798	13412	15175	15183	15201	15329	15168	15135	15241	0	0	0	0	0	0	0	0	0	0	0	0	0	0	0	0	0	0	0	0	0	0	0	0	0	0	0	0	0	0	0	0	2164	539	1143	2605	279	242	261	263	246	266	244	256	244	229	257	257
15331	15342	17325	17666	17709	0	0	18023	13494	13535	0	0	0	0	0	0	17443	17904	17900	17894	17577	17581	13474	13456	13494	17317	17313	17297	14370	14297	14348	14371	15914	15852	18522	18501	18216	0	0	18389	14818	14097	0	0	0	0	0	0	18461	18452	18434	18429	18444	18453	14498	14830	14052	18491	18466	18462	15985	15848	15836	15832	0	0	0	0	0	0	0	0	0	0	0	0	0	0	0	0	0	0	0	0	0	0	0	0	0	0	0	0	0	0	0	0	1336	972	938	1434	277	242	261	262	247	266	244	256	244	229	257	257
14189	14201	14212	16799	16851	16858	16860	16867	12998	12979	16895	16874	16891	16885	16872	16858	16929	0	0	0	17079	17081	12945	12954	15131	16804	16793	16774	13879	13778	13850	13858	15612	15385	15340	18075	18037	17995	17998	18089	13898	13859	18018	18010	18018	17780	18002	18014	18026	0	0	0	17489	17718	13847	13877	17896	17955	17948	17935	15483	15333	15345	15437	0	0	0	0	0	0	0	0	0	0	0	0	0	0	0	0	0	0	0	0	0	0	0	0	0	0	0	0	0	0	0	0	1093	1678	826	1722	278	241	261	262	247	266	244	256	244	229	257	258
14778	14800	14795	15383	17412	17438	17449	13573	13566	13549	17483	17460	17462	17450	17432	17414	17495	18064	0	17676	17642	17638	13529	13539	13592	17379	17370	15312	14447	14382	14425	14445	16252	16227	15969	15881	18626	18627	18633	13993	14911	14837	18649	18639	18662	18423	18620	18643	18616	18492	0	18231	18227	18236	14806	14890	14125	18600	18580	15897	16061	15935	15911	16021	0	0	0	0	0	0	0	0	0	0	0	0	0	0	0	0	0	0	0	0	0	0	0	0	0	0	0	0	0	0	0	0	1368	920	1204	1903	278	241	261	262	247	266	245	257	244	229	256	257
14521	14528	14535	14560	14594	14610	14630	14631	14706	13426	14680	14650	14645	14674	14680	14656	15231	15253	15241	15224	15216	15222	13401	15231	14476	15222	15212	15192	14321	14295	14321	14314	15911	15913	15899	15873	15879	15875	15886	15891	15947	14730	15911	15903	15917	15905	15902	15902	15844	15846	15830	15827	15822	15830	14674	15852	15047	15858	15840	15836	15936	15846	15805	17077	0	0	0	0	0	0	0	0	0	0	0	0	0	0	0	0	0	0	0	0	0	0	0	0	0	0	0	0	0	0	0	0	1814	416	1041	3418	279	241	261	262	247	266	245	256	244	229	256	257
14730	14736	16736	17112	17133	17155	0	12925	12919	12901	12908	0	0	0	0	0	0	0	0	0	0	12895	12875	12890	12942	17105	17088	17057	13792	13732	13784	13802	15287	15273	17979	17941	17939	17604	0	13413	13853	13998	13500	0	0	0	0	0	0	0	0	0	0	13494	13991	13818	13458	17933	17925	17925	15468	15284	15267	15262	0	0	0	0	0	0	0	0	0	0	0	0	0	0	0	0	0	0	0	0	0	0	0	0	0	0	0	0	0	0	0	0	1926	981	1028	1181	277	241	261	262	247	266	244	257	244	229	256	257
0	0	0	0	0	0	0	12937	12954	12949	0	0	0	0	0	0	0	0	0	0	0	0	12943	12935	12975	0	0	0	13836	13780	13804	13870	0	0	0	0	0	0	0	13573	14261	13853	0	0	0	0	0	0	0	0	0	0	0	0	13854	14237	13648	0	0	0	15961	15338	15293	15329	0	0	0	0	0	0	0	0	0	0	0	0	0	0	0	0	0	0	0	0	0	0	0	0	0	0	0	0	0	0	0	0	1527	850	1448	332	276	241	261	262	247	266	244	256	243	230	256	257
14315	14889	14883	16937	16982	17004	17006	17004	13112	13094	17031	17015	17150	17304	17002	16999	0	0	0	0	0	17233	13077	13086	17116	17226	17213	17179	13998	13924	13967	13986	15575	15546	15515	18197	18161	18130	18150	18234	14014	13947	18148	18153	18154	17892	18122	18161	0	0	0	0	0	17518	13894	13989	17824	17802	18077	18094	15612	15481	15457	15453	0	0	0	0	0	0	0	0	0	0	0	0	0	0	0	0	0	0	0	0	0	0	0	0	0	0	0	0	0	0	0	0	1439	853	1320	1389	278	241	261	262	247	266	244	256	244	229	257	257
14764	14771	15322	17374	17408	17715	17723	17443	17786	13525	17773	17776	17760	17756	17744	17738	0	0	0	0	0	0	13504	17676	15708	17657	17644	17615	14429	14350	14404	14424	16255	15958	15919	18601	18612	18608	18613	18632	18691	14094	18643	18635	18656	18643	18628	18622	0	0	0	0	0	0	14078	18017	16146	18292	18542	18532	16045	15906	15892	15887	0	0	0	0	0	0	0	0	0	0	0	0	0	0	0	0	0	0	0	0	0	0	0	0	0	0	0	0	0	0	0	0	1083	867	1145	1310	277	242	260	262	247	266	244	256	244	229	256	257
14902	14910	14909	15558	17540	17546	17557	17561	13755	13690	13707	17569	17585	17575	17563	17545	17632	17635	0	0	17609	13700	13657	13727	15498	15481	15468	15445	14590	14509	14569	14569	16149	16132	16115	16015	18774	18750	18729	18788	14404	14983	14417	18724	18719	18498	18684	18778	18742	18645	0	0	18317	14422	14934	14387	15764	15997	16006	16011	16203	16065	16057	16137	0	0	0	0	0	0	0	0	0	0	0	0	0	0	0	0	0	0	0	0	0	0	0	0	0	0	0	0	0	0	0	0	872	817	922	1902	278	241	261	262	247	266	244	256	244	229	256	257
14278	14832	14826	16870	17031	17048	17051	13011	13046	13035	17094	17069	17075	17067	16929	16919	17485	0	0	0	0	0	13018	13016	13044	17160	17147	17118	13942	13852	13902	13938	15756	15501	15490	18085	18094	18087	18105	13700	14678	13894	18115	18103	18095	18067	18079	18091	17765	0	0	0	0	0	13887	14610	13756	18029	18024	18047	15539	15404	15386	15529	0	0	0	0	0	0	0	0	0	0	0	0	0	0	0	0	0	0	0	0	0	0	0	0	0	0	0	0	0	0	0	0	1358	857	1396	1637	277	241	260	261	246	266	243	255	244	228	256	257
14700	14708	15256	17287	17369	17420	17376	17353	13466	13454	0	17379	17432	0	17384	17360	17363	17379	17858	17501	17347	17354	13415	13426	13487	15249	15226	15202	14343	14279	14324	14339	16126	15955	15838	18470	18448	18440	18449	18490	14419	14237	0	18230	18249	0	17961	18439	18447	18407	18292	18388	18393	18407	14231	14433	13893	15608	15742	15761	16057	15838	15806	15964	0	0	0	0	0	0	0	0	0	0	0	0	0	0	0	0	0	0	0	0	0	0	0	0	0	0	0	0	0	0	0	0	1664	795	1108	1650	277	241	261	262	247	266	245	256	244	229	256	257
0	0	0	0	0	0	0	0	13399	0	0	0	0	0	0	0	0	0	0	0	0	0	0	13368	0	0	0	0	14273	14217	14241	14313	0	0	0	0	0	0	0	0	14511	0	0	0	0	0	0	0	0	0	0	0	0	0	0	14511	0	0	0	0	15881	15775	15867	15772	0	0	0	0	0	0	0	0	0	0	0	0	0	0	0	0	0	0	0	0	0	0	0	0	0	0	0	0	0	0	0	0	1801	780	1439	271	276	241	260	262	247	266	244	256	243	229	256	256
14674	15225	15220	17279	17344	17616	17635	17335	13450	13424	13434	0	17457	17666	17636	17450	0	0	0	0	0	13424	13389	13413	17420	17521	17505	17244	14322	14236	14297	14313	16049	15796	15772	18427	18434	18424	18441	18557	14517	14802	14045	0	18216	18067	18157	18441	0	0	0	0	0	14035	14776	14486	18117	18407	18395	18388	15925	15788	15784	15781	0	0	0	0	0	0	0	0	0	0	0	0	0	0	0	0	0	0	0	0	0	0	0	0	0	0	0	0	0	0	0	0	1528	934	1006	1385	278	241	261	262	247	266	245	256	244	229	256	257
15529	15538	17516	17847	17894	0	0	13712	13718	13698	13706	0	0	0	0	0	18115	0	0	0	0	13682	13668	13687	13725	17760	17752	17719	14597	14512	14563	14600	16088	16039	18735	18714	18654	0	0	14261	14800	15409	14334	0	0	0	0	0	18617	0	0	0	0	14391	15415	15420	14303	18666	18660	18653	16206	16063	16051	16057	0	0	0	0	0	0	0	0	0	0	0	0	0	0	0	0	0	0	0	0	0	0	0	0	0	0	0	0	0	0	0	0	1879	1492	1234	1183	278	242	261	262	247	267	244	256	244	229	256	257
14828	15418	17464	0	0	0	0	13554	13588	13584	0	0	0	0	0	0	0	0	0	0	0	0	13585	13573	13604	0	0	0	14478	14413	14433	14490	15181	15871	18542	0	0	0	0	14166	15115	14327	0	0	0	0	0	0	0	0	0	0	0	0	14297	15113	14277	0	0	0	16082	15965	16424	15942	0	0	0	0	0	0	0	0	0	0	0	0	0	0	0	0	0	0	0	0	0	0	0	0	0	0	0	0	0	0	0	0	1412	806	1745	1003	277	242	261	262	247	266	244	256	244	229	256	257
15213	17685	17803	0	0	0	0	0	0	13374	13363	0	0	0	0	0	0	0	0	0	0	13346	13336	0	0	0	0	0	14267	14188	14248	14269	15640	18371	18229	0	0	0	0	0	0	14239	14149	0	0	0	0	0	0	0	0	0	0	14171	14231	0	0	0	0	0	15943	15738	15734	15730	0	0	0	0	0	0	0	0	0	0	0	0	0	0	0	0	0	0	0	0	0	0	0	0	0	0	0	0	0	0	0	0	1763	970	857	967	278	242	261	262	247	266	244	256	244	230	256	257
14748	14760	14767	16807	17161	17176	17182	16848	12935	17255	17244	17221	17221	17221	17214	17196	16867	0	0	0	0	17009	17007	12885	15035	16730	16726	16718	13802	13725	13782	13796	15629	15315	15294	17878	17731	17713	17721	17959	13462	17702	0	0	17718	17654	17692	17700	17953	0	0	0	0	17807	17866	13441	15602	17916	17902	17890	15415	15276	15265	15434	0	0	0	0	0	0	0	0	0	0	0	0	0	0	0	0	0	0	0	0	0	0	0	0	0	0	0	0	0	0	0	0	1400	892	1162	1464	277	241	261	262	247	265	245	256	243	229	256	257
15441	15445	15453	17778	17825	0	0	13589	13617	13611	0	0	0	0	0	0	17734	0	0	18052	17713	17722	13577	13579	13606	17684	17676	17425	14496	14424	14471	14497	16003	15982	15832	18590	18303	0	0	14166	14814	14457	0	0	0	0	0	0	18582	0	0	0	18560	18331	14442	14824	14221	18611	18592	18578	16105	15976	15958	15960	0	0	0	0	0	0	0	0	0	0	0	0	0	0	0	0	0	0	0	0	0	0	0	0	0	0	0	0	0	0	0	0	1329	773	948	1154	277	241	261	262	247	266	244	255	244	230	256	257
15521	15522	17522	17886	17950	0	18235	18236	13735	13692	13695	0	0	0	13687	13666	13658	13691	0	0	0	13696	13674	13712	17829	0	0	18153	14600	14520	14559	14600	16109	16058	18781	18746	18735	0	0	18770	14556	15158	14272	0	0	0	14203	14345	14351	14179	0	0	0	14264	15107	14284	18468	0	0	18651	16210	16071	16194	16057	0	0	0	0	0	0	0	0	0	0	0	0	0	0	0	0	0	0	0	0	0	0	0	0	0	0	0	0	0	0	0	0	1288	1034	1449	1112	277	241	261	262	247	266	244	256	244	229	256	257
15353	15360	17776	17815	0	0	0	0	13560	13532	13554	0	0	0	0	0	0	0	0	0	0	13546	13516	13532	20397	0	0	0	14435	14355	14389	14440	15918	15875	18652	18245	0	0	0	0	14274	14568	14114	0	0	0	0	0	0	0	0	0	0	14107	14543	14247	0	0	0	0	16051	15905	16035	15892	0	0	0	0	0	0	0	0	0	0	0	0	0	0	0	0	0	0	0	0	0	0	0	0	0	0	0	0	0	0	0	0	1341	917	1524	1074	277	241	261	262	247	265	244	256	244	228	256	257
14573	14580	14584	14601	14963	14987	14999	14991	13416	13370	13387	17240	17247	17236	17100	15292	15125	15147	17309	17294	15113	13370	13338	13383	14845	15129	15116	15094	14266	14184	14247	14255	15945	15830	15820	15779	15774	15510	15584	15917	14049	14511	13991	18453	18465	18455	18450	18448	15718	15602	18393	18387	15665	13987	14543	14032	15753	15778	15766	15775	15884	15738	15728	15848	0	0	0	0	0	0	0	0	0	0	0	0	0	0	0	0	0	0	0	0	0	0	0	0	0	0	0	0	0	0	0	0	1345	866	1097	2441	279	241	260	262	247	265	245	256	244	229	256	257
15558	15565	15567	17953	17969	17967	0	18281	13763	13715	13727	0	0	0	0	0	0	0	0	0	0	13724	13695	13739	17886	0	0	18194	14607	14547	14570	14628	16111	16106	15945	18770	18509	18462	0	18741	14438	15295	14407	0	0	0	0	0	0	0	0	0	0	14442	15285	14437	18478	0	0	18668	16229	16098	16214	16078	0	0	0	0	0	0	0	0	0	0	0	0	0	0	0	0	0	0	0	0	0	0	0	0	0	0	0	0	0	0	0	0	1330	885	1800	1051	277	242	261	262	247	266	245	256	244	229	257	258
14093	14101	14628	16691	16733	16763	16759	12979	12841	16830	16795	16766	16798	16807	16760	16750	16782	17308	16959	16946	16929	16933	12867	12801	12873	16657	14653	14627	13730	13654	13709	13721	15552	15545	15492	17862	17882	17870	17882	13436	14605	17892	17882	17874	17880	17641	17783	17913	17870	17654	17826	17839	17836	17826	13381	14581	13552	17858	14993	15262	15342	15212	15197	15182	0	0	0	0	0	0	0	0	0	0	0	0	0	0	0	0	0	0	0	0	0	0	0	0	0	0	0	0	0	0	0	0	1329	877	877	1625	277	241	260	262	247	266	244	256	244	229	256	257
15169	17236	17562	17596	0	0	0	13363	13357	13341	0	0	0	0	0	0	0	0	0	0	0	0	13318	13330	13378	0	0	17825	14248	14169	14206	14259	15725	18436	18423	17902	0	0	0	13846	14464	14354	0	0	0	0	0	0	0	0	0	0	0	0	14351	14444	13913	0	0	18255	15854	15721	15702	15714	0	0	0	0	0	0	0	0	0	0	0	0	0	0	0	0	0	0	0	0	0	0	0	0	0	0	0	0	0	0	0	0	1452	946	1262	908	277	241	261	262	247	266	244	256	243	229	256	257
14907	15484	15478	17538	17628	17654	17636	17604	17708	17713	13707	13653	13679	17672	17652	17640	17855	0	0	13658	13644	13688	0	0	15470	17772	17505	17501	14583	14504	14546	14579	16376	16350	16088	18786	18735	18695	18739	18814	18810	18680	14229	14623	14370	18490	18481	18770	18645	0	0	14378	14633	14237	0	0	16387	18710	18684	18665	16192	16058	16038	16159	0	0	0	0	0	0	0	0	0	0	0	0	0	0	0	0	0	0	0	0	0	0	0	0	0	0	0	0	0	0	0	0	1197	835	1189	1560	278	241	261	262	247	266	244	256	244	229	256	257
14706	14714	14715	14735	15100	15115	15129	15138	13560	13504	13493	17431	15169	17455	17429	17412	15242	15253	15275	15381	15231	13479	13467	13529	14997	15249	15237	15217	14392	14333	14389	14381	16019	15999	15989	15975	15659	15654	15656	15993	14104	14858	14474	18654	15513	18507	18639	18652	15923	15907	15856	15856	15885	14462	14834	14078	15913	15937	15925	15921	16033	15885	15863	15969	0	0	0	0	0	0	0	0	0	0	0	0	0	0	0	0	0	0	0	0	0	0	0	0	0	0	0	0	0	0	0	0	1372	819	650	2284	278	241	260	262	247	267	244	257	244	229	257	257
14702	15271	15268	17313	17349	17692	17713	17375	13538	13474	13515	17754	17508	17740	17746	17495	0	0	0	0	0	0	13442	13506	17487	17596	17583	17302	14377	14300	14360	14364	15911	15895	15832	18505	18505	18465	18509	18560	14052	14375	13760	18479	18303	18275	18275	18528	0	0	0	0	0	0	14347	14038	18182	18510	18485	18473	15988	15848	15989	15919	0	0	0	0	0	0	0	0	0	0	0	0	0	0	0	0	0	0	0	0	0	0	0	0	0	0	0	0	0	0	0	0	1154	888	1004	1296	276	241	260	262	247	266	244	255	244	230	256	257
15275	17719	17766	0	0	0	0	0	13454	13441	0	0	0	0	0	0	0	0	0	0	0	0	13422	13426	0	0	0	0	14336	14266	14300	14354	15814	18466	18210	0	0	0	0	0	15113	15017	0	0	0	0	0	0	0	0	0	0	0	0	15025	15123	0	0	0	0	16038	15814	15944	15805	0	0	0	0	0	0	0	0	0	0	0	0	0	0	0	0	0	0	0	0	0	0	0	0	0	0	0	0	0	0	0	0	1726	926	2555	963	278	242	261	262	247	266	245	257	244	229	257	257
14668	14668	16725	0	0	0	0	12823	12831	12865	0	0	0	0	0	0	0	0	0	0	0	0	12843	12807	12853	0	17306	16985	13710	13648	13686	13730	15186	15167	17875	0	0	0	0	13385	14053	13426	0	0	0	0	0	0	0	0	0	0	0	0	13414	14063	13440	0	0	17842	15323	15205	15182	15181	0	0	0	0	0	0	0	0	0	0	0	0	0	0	0	0	0	0	0	0	0	0	0	0	0	0	0	0	0	0	0	0	1599	813	1199	1015	276	241	260	262	247	265	244	256	244	229	256	257
14857	14857	14853	14855	17468	17485	17514	13613	13635	13636	17532	17510	17522	17506	17497	17481	17574	17585	0	0	17553	17561	13619	13609	13648	15418	15408	15387	14518	14449	14476	14516	16324	16301	16265	16037	18778	18674	18758	14185	14954	14354	18674	18669	18674	18662	18658	18786	18667	18536	0	0	18518	18597	14331	14899	14253	15925	15911	15982	16136	16007	16124	16082	0	0	0	0	0	0	0	0	0	0	0	0	0	0	0	0	0	0	0	0	0	0	0	0	0	0	0	0	0	0	0	0	1499	874	2512	2037	278	242	261	262	247	266	244	256	244	229	257	257
15132	15133	17148	13224	13312	17536	0	17836	0	13355	13285	13278	0	0	0	0	17415	17750	17749	17740	13252	13254	13292	17408	17290	17371	17132	13290	14177	14120	14166	14188	15709	15673	18355	14252	13619	17934	0	18357	0	13837	14883	14613	0	0	0	0	18292	18258	18080	18241	14288	14890	13825	18300	18289	18302	18277	13806	15852	15670	15650	15646	0	0	0	0	0	0	0	0	0	0	0	0	0	0	0	0	0	0	0	0	0	0	0	0	0	0	0	0	0	0	0	0	2354	1013	1163	1297	278	241	261	262	247	267	244	256	244	229	256	257
14507	15060	15058	17095	17114	17441	17173	17176	13298	13263	13283	17493	17497	17485	17146	17137	0	0	0	0	0	13289	13240	13279	17296	17393	17373	17109	14153	14088	14142	14156	15983	15701	15679	18325	18326	18323	18321	18415	13983	14289	13822	18339	18357	18339	18329	18335	0	0	0	0	0	13822	14245	13935	17989	18298	18284	18269	15768	15639	15623	15616	0	0	0	0	0	0	0	0	0	0	0	0	0	0	0	0	0	0	0	0	0	0	0	0	0	0	0	0	0	0	0	0	1341	875	911	1415	278	242	261	262	247	266	244	256	244	229	256	257
15418	15422	15422	17455	17498	17798	17811	13589	13619	13656	17866	17526	17831	17831	17518	17509	17724	18057	18048	17736	17695	17702	13627	13577	13609	17679	17427	17417	14505	14421	14482	14490	16291	15999	15973	18662	18656	18643	18635	14913	15396	14285	18656	18647	18658	18407	18630	18637	18666	18582	18501	18597	18587	18579	14282	15387	14945	18614	18583	18981	16111	15972	15962	16077	0	0	0	0	0	0	0	0	0	0	0	0	0	0	0	0	0	0	0	0	0	0	0	0	0	0	0	0	0	0	0	0	1194	831	1009	1640	278	242	261	263	247	266	245	257	244	230	257	257
15175	15181	15175	17203	17275	17566	17281	17266	13368	13353	17315	17301	17317	17619	17262	17251	0	0	0	0	0	0	13332	13338	13450	17179	17172	17170	14252	14171	14193	14256	16071	16074	16055	18389	18397	18405	18402	18424	14461	14343	18260	18389	18318	18126	18141	18424	0	0	0	0	0	0	14322	14462	13833	18357	18328	18318	15856	15723	17055	15708	0	0	0	0	0	0	0	0	0	0	0	0	0	0	0	0	0	0	0	0	0	0	0	0	0	0	0	0	0	0	0	0	1236	1011	8191	1313	278	242	261	262	247	266	244	256	244	229	256	257
14267	14288	14828	16868	17037	17051	17048	16981	13050	13030	17083	17067	17074	17069	17082	17029	0	0	0	0	0	0	13016	13024	17087	17198	17183	17145	13921	13859	13907	13925	15750	14612	15450	18071	18079	18056	18077	18220	14011	13963	18089	18085	17854	17846	18064	18077	0	0	0	0	0	0	13926	13959	17778	17719	17679	18058	15592	15410	15390	15504	0	0	0	0	0	0	0	0	0	0	0	0	0	0	0	0	0	0	0	0	0	0	0	0	0	0	0	0	0	0	0	0	1659	970	1147	1445	277	242	260	261	247	266	244	256	243	229	256	257
17063	17228	0	0	0	0	0	0	13038	13014	13022	0	0	0	0	0	0	0	0	0	0	12996	12991	13004	13058	0	0	20050	13921	13847	13870	13930	18106	18099	0	0	0	0	0	0	14067	14455	13615	0	0	0	0	0	0	0	0	0	0	13619	14430	14079	13394	0	0	20415	15527	15396	15512	15384	0	0	0	0	0	0	0	0	0	0	0	0	0	0	0	0	0	0	0	0	0	0	0	0	0	0	0	0	0	0	0	0	1135	982	2530	910	277	241	261	262	247	266	244	256	244	229	256	257
14738	14743	14742	16784	17094	17116	17133	16860	12910	12895	0	17161	17160	17152	17151	17129	16815	16836	16995	16970	16953	16714	12855	12866	12929	14670	14659	14639	13780	13702	13762	13773	15593	15295	15261	17926	17840	17675	17676	17957	13998	13898	0	17440	17680	17658	17652	17667	17959	17884	17874	17874	17866	17862	13899	14006	13387	15193	15178	15196	15401	15256	15246	15349	0	0	0	0	0	0	0	0	0	0	0	0	0	0	0	0	0	0	0	0	0	0	0	0	0	0	0	0	0	0	0	0	1212	908	1111	1610	277	241	261	262	247	266	244	256	244	229	256	257
14714	14720	17090	17145	0	0	0	0	12906	12869	12877	0	0	0	0	0	0	0	0	0	0	12866	12843	12871	17035	0	0	17047	13764	13698	13729	13778	15249	15216	17904	17529	0	0	0	0	13569	14104	13470	0	0	0	0	0	0	0	0	0	0	13483	14098	13596	17610	0	0	17866	15379	15254	15226	15233	0	0	0	0	0	0	0	0	0	0	0	0	0	0	0	0	0	0	0	0	0	0	0	0	0	0	0	0	0	0	0	0	1272	749	1406	1041	276	242	260	262	247	266	245	256	244	230	256	257
15212	15214	15210	17571	17600	17612	17909	17911	13459	13385	0	0	0	0	0	17913	17843	0	0	0	0	0	13351	0	17411	17533	17526	17492	14293	14215	14271	14287	15804	15791	15752	18418	18425	18418	18415	18486	13756	14304	0	0	0	0	0	18409	18107	0	0	0	0	0	14284	0	18227	18405	18382	18384	15903	15766	15754	15752	0	0	0	0	0	0	0	0	0	0	0	0	0	0	0	0	0	0	0	0	0	0	0	0	0	0	0	0	0	0	0	0	1503	792	1290	1240	278	241	262	262	247	266	245	257	244	229	257	257
14794	15340	15331	17440	17509	17783	0	13554	13540	13527	0	0	17541	0	0	17527	0	0	0	0	0	0	13497	13506	13561	17695	17677	17355	14414	14339	14397	14407	15895	15895	15873	18524	18525	18362	18479	14101	14578	14494	0	0	18288	0	0	18144	0	0	0	0	0	0	14458	14568	14162	18436	18493	18517	16102	15899	15912	16003	0	0	0	0	0	0	0	0	0	0	0	0	0	0	0	0	0	0	0	0	0	0	0	0	0	0	0	0	0	0	0	0	1497	838	919	1400	277	241	261	262	247	266	244	256	244	229	257	257
14366	14941	14936	16991	17321	17438	17455	17474	13155	13125	13133	0	17173	0	0	17656	0	0	0	0	0	13134	13111	13134	17149	0	17573	17255	14032	13957	13987	14041	15590	15571	15463	18158	18154	18142	18151	18195	13983	14260	13692	0	17658	0	0	17995	0	0	0	0	0	13694	14218	14014	17850	0	18051	18128	15639	15512	15488	15498	0	0	0	0	0	0	0	0	0	0	0	0	0	0	0	0	0	0	0	0	0	0	0	0	0	0	0	0	0	0	0	0	1075	1035	1522	1211	277	242	261	262	247	266	244	256	243	229	257	256
15389	17401	17408	17744	17769	0	0	18097	0	13538	0	0	0	0	0	0	17705	0	0	0	0	0	13500	17686	17555	17642	17618	17403	14435	14347	14404	14443	15915	18618	18605	18295	18331	0	0	18607	0	14143	0	0	0	0	0	0	18546	0	0	0	0	0	14175	18494	18507	18568	18547	18535	16041	15899	15897	15903	0	0	0	0	0	0	0	0	0	0	0	0	0	0	0	0	0	0	0	0	0	0	0	0	0	0	0	0	0	0	0	0	1491	1270	1124	1102	277	242	260	262	247	266	244	256	244	229	257	257
14654	14656	16693	17047	17071	0	0	12793	12830	12882	0	0	0	0	0	0	0	0	0	0	0	0	12851	12797	12823	17008	16992	16955	13714	13652	13698	13725	15185	15171	17872	17586	17588	0	0	13731	14190	13538	0	0	0	0	0	0	0	0	0	0	0	0	13538	14190	13817	17528	17511	17801	15331	15208	15188	15181	0	0	0	0	0	0	0	0	0	0	0	0	0	0	0	0	0	0	0	0	0	0	0	0	0	0	0	0	0	0	0	0	1435	906	1108	1041	277	242	261	262	247	266	244	256	244	229	257	257
14617	15179	15177	17232	17593	17616	17863	13354	13377	13391	0	0	0	0	0	17875	0	0	0	0	0	0	13374	13345	13390	0	0	17752	14260	14177	14228	14265	16057	16023	15700	18378	18376	18367	18366	13914	14472	13995	0	0	0	0	0	18238	0	0	0	0	0	0	13971	14446	13983	0	0	18322	15869	15722	15865	15716	0	0	0	0	0	0	0	0	0	0	0	0	0	0	0	0	0	0	0	0	0	0	0	0	0	0	0	0	0	0	0	0	1720	855	1861	1104	277	241	261	262	247	266	244	256	244	229	256	257
13870	13867	13867	13895	13935	13976	13985	12746	12787	12782	14038	14006	14020	14014	14007	13991	14554	14562	14554	14545	14536	14544	12768	12760	12784	13873	14536	13800	13671	13606	13625	13665	15390	15249	15241	15223	15216	15212	15220	13441	15277	14153	15250	15234	15254	15241	15242	15239	15194	15203	15186	15177	15175	15181	14109	15207	14370	14130	15190	14370	15293	15164	16475	15241	0	0	0	0	0	0	0	0	0	0	0	0	0	0	0	0	0	0	0	0	0	0	0	0	0	0	0	0	0	0	0	0	1397	819	8191	3565	279	241	260	262	246	266	245	256	244	230	256	256
15055	15066	15070	17100	17464	17479	17491	13215	13236	13257	17540	17522	17518	17520	17527	17506	0	0	0	0	0	0	13239	13209	13245	17350	17337	17310	14125	14048	14082	14137	15957	15930	15507	18220	18027	18015	18011	13744	14241	13806	17878	17831	18030	17963	17827	17985	0	0	0	0	0	0	13794	14222	13808	17925	18233	18229	15732	15596	15738	15596	0	0	0	0	0	0	0	0	0	0	0	0	0	0	0	0	0	0	0	0	0	0	0	0	0	0	0	0	0	0	0	0	1348	891	1766	1286	277	241	261	262	247	266	244	256	244	229	257	257
13786	14131	14133	14223	14545	14549	14560	14280	13070	13049	14951	14934	14600	14950	14943	14582	14841	14851	14845	14837	14828	14834	13028	13039	14090	14832	14822	14802	13953	13880	13918	13945	15763	15764	15748	15479	15482	15476	15484	15492	13930	13945	15505	15492	15513	15498	15489	15499	15452	15454	15433	15429	15425	15435	13919	13917	14638	15460	15443	15539	15573	15434	15558	15497	0	0	0	0	0	0	0	0	0	0	0	0	0	0	0	0	0	0	0	0	0	0	0	0	0	0	0	0	0	0	0	0	1589	863	1922	3091	279	242	261	263	247	267	245	256	244	229	257	257
14835	14846	15405	17438	17484	17566	17534	17526	13628	13606	13613	17574	17611	17596	17547	17489	0	0	0	0	0	13611	13584	13604	17638	17738	17721	17456	14507	14431	14476	14499	16328	16295	16037	18665	18666	18666	18670	18793	14454	14775	14188	18689	18704	18693	18681	18680	0	0	0	0	0	14179	14744	14480	18337	18493	18587	18611	16116	15982	16206	15958	0	0	0	0	0	0	0	0	0	0	0	0	0	0	0	0	0	0	0	0	0	0	0	0	0	0	0	0	0	0	0	0	1253	906	1416	1456	277	242	261	263	248	267	245	256	244	229	256	258
15131	15134	15131	17214	17489	17506	17541	13279	13299	13315	0	0	17540	0	17558	17518	17245	17707	17704	17698	17363	17367	13276	13269	13300	17118	17112	17097	14183	14109	14142	14190	15991	15682	15661	18303	18318	18266	18317	13874	14832	14127	0	0	18063	0	0	18067	18276	18257	18231	18230	18249	18251	14101	14867	13955	18270	18258	18251	15788	15665	15635	15640	0	0	0	0	0	0	0	0	0	0	0	0	0	0	0	0	0	0	0	0	0	0	0	0	0	0	0	0	0	0	0	0	1262	956	1329	1464	278	242	261	262	247	266	245	256	244	229	257	257
14943	14950	14951	17349	17379	17394	17408	13112	13146	13137	0	0	0	0	0	0	0	0	0	0	0	0	13122	13116	13147	0	0	0	14028	13954	14008	14030	15564	15504	15439	17923	17907	17866	17746	13652	15497	13943	0	0	0	0	0	0	0	0	0	0	0	0	13902	15470	13724	0	0	0	15657	15507	15494	15490	0	0	0	0	0	0	0	0	0	0	0	0	0	0	0	0	0	0	0	0	0	0	0	0	0	0	0	0	0	0	0	0	1377	888	978	1209	277	242	261	262	247	266	245	256	244	229	256	256
14967	15523	15529	17608	17676	17943	17959	17634	13719	0	0	18227	17947	0	0	17931	0	0	0	0	0	0	17818	13682	17673	17789	17782	17538	14599	14528	14582	14597	16376	16090	16070	18720	18727	18710	18724	18788	15145	0	0	0	18569	0	0	18667	0	0	0	0	0	0	18376	15117	18405	18659	18688	18682	16243	16084	16063	16192	0	0	0	0	0	0	0	0	0	0	0	0	0	0	0	0	0	0	0	0	0	0	0	0	0	0	0	0	0	0	0	0	1292	824	1057	1336	278	241	261	262	247	267	244	256	244	230	257	257
0	0	0	0	0	0	0	0	0	13208	13148	13176	0	0	0	0	0	0	0	0	13174	13140	13180	0	0	0	0	0	14059	13990	14026	14077	0	0	0	0	0	0	0	0	0	13756	14164	13744	0	0	0	0	0	0	0	0	13743	14151	13740	0	0	0	0	0	15677	15545	15756	15532	0	0	0	0	0	0	0	0	0	0	0	0	0	0	0	0	0	0	0	0	0	0	0	0	0	0	0	0	0	0	0	0	1344	886	1218	574	276	241	260	261	246	265	244	256	244	229	256	257
0	0	0	0	0	0	0	0	0	13600	0	0	0	0	0	0	0	0	0	0	0	0	13577	0	0	0	0	0	14513	14427	14461	14522	0	0	0	0	0	0	0	0	0	14487	0	0	0	0	0	0	0	0	0	0	0	0	14472	0	0	0	0	0	16112	15981	17256	15980	0	0	0	0	0	0	0	0	0	0	0	0	0	0	0	0	0	0	0	0	0	0	0	0	0	0	0	0	0	0	0	0	1200	942	2167	761	277	242	261	262	247	266	245	256	244	230	257	258
14091	14670	16496	17069	17100	17114	0	12821	12855	12851	0	0	0	0	0	0	0	0	0	0	17043	17049	12830	12829	12849	17033	17015	16730	13721	13676	13718	13754	14381	15170	17941	17856	17656	17640	0	13397	14689	13798	0	0	0	0	0	0	0	0	0	0	17527	17512	13802	14684	13448	17587	17572	17821	15408	15228	15207	15212	0	0	0	0	0	0	0	0	0	0	0	0	0	0	0	0	0	0	0	0	0	0	0	0	0	0	0	0	0	0	0	0	3631	947	995	1057	277	242	260	262	247	266	245	256	244	230	256	257
14249	14788	14784	16796	16890	16911	16909	13003	12973	13047	16949	16919	16953	16950	16903	16854	16917	17440	0	17424	16901	17077	13018	12945	13028	16794	16799	16786	13864	13784	13823	13870	15663	15372	15353	18138	18007	18001	18010	13577	14157	13652	18030	18022	18018	17769	17843	18022	17997	0	0	17762	17966	17966	13642	14192	13667	18030	17971	18112	15474	15339	15312	15442	0	0	0	0	0	0	0	0	0	0	0	0	0	0	0	0	0	0	0	0	0	0	0	0	0	0	0	0	0	0	0	0	1115	916	1255	1574	277	241	260	262	247	266	244	256	244	229	256	257
14551	14558	14558	14581	14616	14623	14628	14641	13409	13381	13372	14950	14630	15231	15222	14949	14893	15133	15131	14858	15108	13361	13351	13376	14528	14868	14845	14820	14275	14211	14267	14258	15999	15989	15958	15799	15784	15777	15787	15919	14063	15196	14038	15804	15810	15814	15804	15856	15808	15808	15795	15778	15767	14045	15724	14045	16200	15805	15801	15793	15899	15768	15904	15822	0	0	0	0	0	0	0	0	0	0	0	0	0	0	0	0	0	0	0	0	0	0	0	0	0	0	0	0	0	0	0	0	1495	856	1393	3579	279	242	261	262	247	266	244	257	244	229	257	257
15461	15466	15458	17502	17825	17870	17886	17557	13670	13632	0	17923	17888	17902	17911	17882	17787	0	0	0	17761	17766	13611	13640	17640	17752	17733	17457	14518	14470	14499	14536	16367	15991	15958	18687	18700	18678	18699	18712	14726	14826	0	18238	18432	18414	18368	18494	18359	0	0	0	18269	18252	15159	14718	18348	18660	18638	18624	16128	16034	16144	15987	0	0	0	0	0	0	0	0	0	0	0	0	0	0	0	0	0	0	0	0	0	0	0	0	0	0	0	0	0	0	0	0	1689	829	1428	1130	277	242	261	262	247	267	245	256	245	230	257	258
14446	14450	14987	17032	17053	17375	17092	17102	13231	13188	13197	17122	17407	17417	17082	17071	17619	17663	0	0	17297	13191	13166	13203	17186	17289	17025	17018	14061	14028	14073	14085	15915	15911	15598	18256	18260	18262	18258	18276	13810	14524	13764	18249	18271	18254	18238	18260	18186	0	0	0	18131	13763	14493	13795	18176	18200	18177	18173	15745	15579	15558	15541	0	0	0	0	0	0	0	0	0	0	0	0	0	0	0	0	0	0	0	0	0	0	0	0	0	0	0	0	0	0	0	0	8191	670	1012	1488	277	241	260	261	247	266	244	256	244	229	256	258
14919	15497	15499	17550	17868	17882	17612	17603	13722	13682	17981	17959	17704	17915	17900	17681	17839	0	0	0	17792	17796	13657	13690	17679	17770	17740	17501	14574	14501	14559	14577	16426	16118	16033	18696	18727	18702	18716	18828	14378	15324	18735	18731	18742	18479	18715	18719	18697	0	0	0	18620	18641	15333	14370	18666	18700	18678	18665	16189	16053	16045	16047	0	0	0	0	0	0	0	0	0	0	0	0	0	0	0	0	0	0	0	0	0	0	0	0	0	0	0	0	0	0	0	0	1372	1537	1167	1344	278	241	261	262	247	266	244	256	244	229	256	257
0	0	0	0	0	0	0	0	13734	13650	13704	0	13672	13640	13660	0	0	13660	13619	13634	0	13707	13621	0	0	0	0	0	14554	14468	14517	14570	0	0	0	0	0	0	0	0	14194	14547	13998	0	14323	15173	14251	0	0	14255	15177	14331	0	0	14539	0	0	0	0	0	16159	16014	16188	16027	0	0	0	0	0	0	0	0	0	0	0	0	0	0	0	0	0	0	0	0	0	0	0	0	0	0	0	0	0	0	0	0	1164	1047	1489	578	277	241	261	262	247	266	244	256	244	229	256	257
13523	13473	13404	13438	13377	13368	13385	13388	13413	13424	13510	14650	13498	13493	14955	13405	13414	15203	15199	15195	15190	15194	13431	13431	13452	13393	13349	13358	14298	14247	14312	14304	14407	14247	14423	14142	14042	15852	14038	13987	14646	14069	13917	15897	14437	15911	15911	14428	14377	15877	15873	15882	15848	15852	14091	14666	14064	14042	15029	14005	15984	15792	15790	15860	0	0	0	0	0	0	0	0	0	0	0	0	0	0	0	0	0	0	0	0	0	0	0	0	0	0	0	0	0	0	0	0	3845	1114	379	8191	281	242	261	262	247	266	244	256	243	229	257	257
14983	14991	14989	15606	17625	17665	17673	17680	13815	13786	13798	17653	17682	17671	17653	17634	17736	0	0	0	0	13796	13752	13791	15570	17650	17615	15540	14691	14597	14656	14662	16480	16209	16197	16142	18851	18847	18851	18941	14585	15294	14450	18878	18890	18876	18870	18864	18816	0	0	0	0	14400	15275	14544	16334	18829	18808	16096	16296	16152	16140	16250	0	0	0	0	0	0	0	0	0	0	0	0	0	0	0	0	0	0	0	0	0	0	0	0	0	0	0	0	0	0	0	0	1131	1063	1150	1863	278	242	261	262	247	266	245	256	244	229	257	257
15225	15238	17234	17273	17588	17603	17623	13363	13404	13414	17652	17638	17640	17631	17625	17619	17846	0	0	0	0	17530	13393	13366	13391	17514	17499	17229	14287	14199	14265	14287	16005	15783	18594	18432	18443	18344	18444	14599	14901	14045	18176	18166	18184	18166	18157	18420	18339	0	0	0	0	17795	14031	14851	14672	18412	18391	18380	15912	15818	15754	15750	0	0	0	0	0	0	0	0	0	0	0	0	0	0	0	0	0	0	0	0	0	0	0	0	0	0	0	0	0	0	0	0	1241	1648	1011	1323	277	241	260	262	247	267	244	256	244	229	256	257
0	0	0	0	0	0	0	0	13592	13566	0	0	0	0	0	0	0	0	0	0	0	0	13546	13564	0	0	0	0	14482	14381	14425	14489	0	0	0	0	0	0	0	0	14375	14411	0	0	0	0	0	0	0	0	0	0	0	0	14401	14360	0	0	0	0	16088	15931	15909	15952	0	0	0	0	0	0	0	0	0	0	0	0	0	0	0	0	0	0	0	0	0	0	0	0	0	0	0	0	0	0	0	0	505	1261	1510	415	276	242	261	262	247	266	245	256	244	230	256	258
15316	15326	15330	0	0	0	0	0	13504	13492	0	0	0	0	0	0	0	0	0	0	0	0	13473	13474	17711	0	0	0	14392	14321	14350	14399	15859	15844	18544	0	0	0	0	0	14603	14460	0	0	0	0	0	0	0	0	0	0	0	0	14430	14589	18243	0	0	0	15997	15871	15850	15854	0	0	0	0	0	0	0	0	0	0	0	0	0	0	0	0	0	0	0	0	0	0	0	0	0	0	0	0	0	0	0	0	688	796	1068	866	277	242	261	262	247	266	244	256	243	229	256	256
14509	14518	14520	15110	17110	17158	17171	17176	17236	13381	13287	13269	13344	17195	17161	17138	15059	17257	17740	13323	13256	13263	13338	15074	15078	15064	15050	15031	14188	14118	14183	14181	15962	15945	15720	15671	18353	18318	18323	18335	18391	13912	14347	14354	13906	18256	18310	18341	15518	18308	18273	13885	14369	14360	13891	15586	15635	15612	15604	15618	15861	15674	15670	17057	0	0	0	0	0	0	0	0	0	0	0	0	0	0	0	0	0	0	0	0	0	0	0	0	0	0	0	0	0	0	0	0	1666	1000	898	2017	278	242	261	262	247	267	244	256	244	229	256	257
15437	15452	17477	17807	17858	17879	0	17926	13606	17950	0	0	17914	0	0	17906	17807	0	0	0	0	0	0	13575	15781	17752	17736	17474	14487	14416	14457	14496	16341	15949	18652	18598	18398	18394	18385	18726	14474	18238	0	0	18378	0	0	18331	18301	0	0	0	0	0	0	14473	16338	18324	18600	18630	16168	15968	15952	15954	0	0	0	0	0	0	0	0	0	0	0	0	0	0	0	0	0	0	0	0	0	0	0	0	0	0	0	0	0	0	0	0	1425	1191	1307	1159	277	241	261	262	247	266	244	256	244	229	257	257
14554	14564	14569	17162	17184	17197	17206	17215	13364	13323	13307	13336	17228	17221	17212	17197	17258	17272	17407	17401	13319	13298	13291	13321	15157	15128	15108	15085	14226	14153	14203	14213	15786	15777	15759	18414	18415	18308	18322	18418	13943	15346	15220	13827	18140	17941	17999	18326	18394	18393	18241	18278	13849	15235	15339	13926	15955	15656	15650	15661	15844	15710	15690	15816	0	0	0	0	0	0	0	0	0	0	0	0	0	0	0	0	0	0	0	0	0	0	0	0	0	0	0	0	0	0	0	0	1535	864	1053	1844	278	241	261	262	247	266	245	256	244	229	256	257
14639	14650	14682	14719	14774	15380	15385	14768	13545	15447	15425	15407	15431	15441	15414	15402	15316	15335	15333	15321	15304	15315	15316	13519	14568	15310	15301	15285	14422	14377	14415	14418	16007	15997	15983	15951	15946	15937	15943	15949	14239	15989	15973	15958	15983	15962	15969	15971	15918	15917	15898	15895	15895	15901	15899	14211	15129	15932	15913	15915	16105	15929	15897	15999	0	0	0	0	0	0	0	0	0	0	0	0	0	0	0	0	0	0	0	0	0	0	0	0	0	0	0	0	0	0	0	0	2550	772	1134	2894	279	242	260	262	247	266	244	256	244	229	257	257
14215	14223	14221	16803	16903	16957	13008	12957	13014	12991	12995	16955	16981	16986	16929	16917	0	0	0	0	0	13004	12969	12991	12991	13051	17164	16874	13887	13821	13871	13882	15710	15437	15416	18167	18162	18047	13539	14186	14104	14434	13654	18079	18075	17852	18059	18107	0	0	0	0	0	13648	14356	14099	14251	13444	17721	18028	15500	15373	15535	15479	0	0	0	0	0	0	0	0	0	0	0	0	0	0	0	0	0	0	0	0	0	0	0	0	0	0	0	0	0	0	0	0	1693	754	1167	1635	277	241	261	262	246	266	244	256	244	229	257	257
14034	14042	14042	14048	14446	14480	16687	14489	12887	12832	12874	16702	16714	16703	16697	16684	14612	16779	17302	17290	14603	12866	12795	12853	14622	14611	14604	14583	13748	13645	13702	13714	15533	15535	15522	15271	15346	14961	17982	15504	13387	13883	13426	17967	17999	17927	18019	18028	15138	17957	17941	17937	15031	13424	13854	13372	15161	15190	15179	15190	15365	15201	15329	15302	0	0	0	0	0	0	0	0	0	0	0	0	0	0	0	0	0	0	0	0	0	0	0	0	0	0	0	0	0	0	0	0	1140	804	1619	2412	278	241	261	262	246	266	244	256	244	229	256	257
14251	14271	14798	16831	16882	16923	16918	16923	13041	13011	13065	16938	16965	16975	16918	16885	16971	17472	17455	17137	17108	13058	12985	13012	15180	16993	16844	16834	13904	13835	13893	13906	15730	14551	15418	18057	18071	18063	18063	18149	13939	14175	13577	18063	18087	18067	18059	18079	18028	17917	17902	17970	17987	13564	14172	13930	15459	18025	17993	17989	15608	15390	15377	15371	0	0	0	0	0	0	0	0	0	0	0	0	0	0	0	0	0	0	0	0	0	0	0	0	0	0	0	0	0	0	0	0	1371	1295	1076	1613	278	242	261	262	248	266	245	256	244	230	256	257
15399	15409	15409	17449	17769	17799	17827	13570	13586	13567	13602	18118	17823	0	0	17806	18026	0	0	0	0	13602	13549	13562	13604	17715	17702	17670	14467	14399	14439	14469	16270	15963	15943	18613	18614	18609	18626	14059	14536	14521	14091	0	18455	0	0	18620	18479	0	0	0	0	14069	14482	14505	14122	18582	18567	18562	16081	15952	15935	15928	0	0	0	0	0	0	0	0	0	0	0	0	0	0	0	0	0	0	0	0	0	0	0	0	0	0	0	0	0	0	0	0	1290	868	1136	1238	277	242	261	262	247	266	244	255	244	229	256	257
